phase mean FPC1 FPC2 FPC3 FPC4
-10 0.995883 0.072508 0.108872 0.521025 -0.181854
-9.9 0.973272 0.072314 0.10801 0.517852 -0.178814
-9.8 0.950662 0.072121 0.107148 0.514679 -0.175775
-9.7 0.928051 0.071928 0.106286 0.511507 -0.172736
-9.6 0.905441 0.071672 0.105409 0.507933 -0.169629
-9.5 0.88283 0.071416 0.104532 0.504354 -0.166521
-9.4 0.86022 0.071159 0.103655 0.500775 -0.163414
-9.3 0.839334 0.070841 0.102764 0.496801 -0.160239
-9.2 0.818561 0.070521 0.101872 0.492815 -0.157063
-9.1 0.797787 0.070201 0.100981 0.488829 -0.153887
-9 0.777013 0.06982 0.100075 0.484455 -0.150646
-8.9 0.756239 0.069437 0.099169 0.480062 -0.147401
-8.8 0.735466 0.069054 0.098262 0.475669 -0.144156
-8.7 0.716306 0.068611 0.097342 0.470895 -0.140847
-8.6 0.697369 0.068164 0.096421 0.466096 -0.137534
-8.5 0.678432 0.067718 0.0955 0.461296 -0.134221
-8.4 0.659495 0.067212 0.094565 0.456121 -0.130845
-8.3 0.640559 0.066702 0.09363 0.450916 -0.127463
-8.2 0.621622 0.066192 0.092694 0.44571 -0.124081
-8.1 0.604188 0.065625 0.091745 0.440134 -0.120638
-8 0.587088 0.065051 0.090794 0.434522 -0.117188
-7.9 0.569987 0.064478 0.089844 0.428909 -0.113738
-7.8 0.552887 0.063848 0.08888 0.422933 -0.110226
-7.7 0.535787 0.063211 0.087915 0.416914 -0.106708
-7.6 0.518687 0.062575 0.08695 0.410895 -0.103189
-7.5 0.502979 0.061882 0.085972 0.404519 -0.099611
-7.4 0.487715 0.061182 0.084992 0.398093 -0.096024
-7.3 0.472452 0.060482 0.084012 0.391668 -0.092437
-7.2 0.457189 0.059727 0.083019 0.38489 -0.088791
-7.1 0.441926 0.058964 0.082025 0.378058 -0.085135
-7 0.426663 0.058201 0.08103 0.371226 -0.08148
-6.9 0.41268 0.057383 0.080023 0.364049 -0.077767
-6.8 0.399253 0.056557 0.079014 0.35681 -0.074043
-6.7 0.385827 0.05573 0.078004 0.349571 -0.070319
-6.6 0.3724 0.05485 0.076983 0.341993 -0.066538
-6.5 0.358974 0.05396 0.075959 0.334348 -0.062746
-6.4 0.345547 0.05307 0.074935 0.326702 -0.058953
-6.3 0.333266 0.052128 0.073899 0.318724 -0.055105
-6.2 0.32164 0.051175 0.07286 0.310672 -0.051244
-6.1 0.310013 0.050221 0.071821 0.30262 -0.047384
-6 0.298387 0.049233 0.070764 0.294405 -0.043567
-5.9 0.28676 0.048236 0.069704 0.286151 -0.039761
-5.8 0.275134 0.047239 0.068643 0.277896 -0.035954
-5.7 0.26435 0.046246 0.067549 0.269888 -0.032436
-5.6 0.254187 0.045255 0.066447 0.261946 -0.028995
-5.5 0.244023 0.044264 0.065345 0.254004 -0.025553
-5.4 0.23386 0.043279 0.064211 0.246326 -0.022408
-5.3 0.223697 0.042297 0.063067 0.238725 -0.019349
-5.2 0.213534 0.041314 0.061923 0.231124 -0.01629
-5.1 0.204082 0.040338 0.060747 0.223783 -0.013522
-5 0.1953 0.039364 0.059561 0.216524 -0.010846
-4.9 0.186518 0.038391 0.058375 0.209265 -0.008169
-4.8 0.177736 0.037423 0.057158 0.20226 -0.005777
-4.7 0.168953 0.036458 0.055929 0.195343 -0.003484
-4.6 0.160171 0.035493 0.054701 0.188425 -0.00119
-4.5 0.152017 0.034534 0.053442 0.181757 0.000825
-4.4 0.144615 0.033578 0.052172 0.175181 0.002737
-4.3 0.137214 0.032621 0.050902 0.168605 0.004648
-4.2 0.129812 0.031671 0.049602 0.162273 0.006286
-4.1 0.122411 0.030723 0.048289 0.156039 0.007815
-4 0.11501 0.029776 0.046977 0.149805 0.009344
-3.9 0.108152 0.028834 0.045635 0.14381 0.010605
-3.8 0.102132 0.027895 0.044281 0.137917 0.011751
-3.7 0.096111 0.026956 0.042927 0.132025 0.012898
-3.6 0.090091 0.026023 0.041544 0.126366 0.013783
-3.5 0.08407 0.025093 0.040147 0.120815 0.014546
-3.4 0.07805 0.024162 0.038751 0.115264 0.01531
-3.3 0.07249 0.023238 0.037326 0.109941 0.015818
-3.2 0.067851 0.022316 0.035888 0.104732 0.016199
-3.1 0.063213 0.021395 0.034449 0.099523 0.01658
-3 0.058574 0.020479 0.032983 0.094536 0.016712
-2.9 0.053936 0.019566 0.031502 0.089669 0.01671
-2.8 0.049297 0.018653 0.030022 0.084801 0.016709
-2.7 0.045036 0.017746 0.028514 0.080152 0.016464
-2.6 0.041778 0.016841 0.026992 0.075626 0.01608
-2.5 0.03852 0.015937 0.025469 0.0711 0.015696
-2.4 0.035263 0.015038 0.02392 0.066786 0.015074
-2.3 0.032005 0.014143 0.022355 0.062602 0.014307
-2.2 0.028747 0.013247 0.020791 0.058418 0.013541
-2.1 0.025738 0.012366 0.019219 0.054445 0.01258
-2 0.023653 0.011492 0.017642 0.05061 0.011494
-1.9 0.021567 0.010619 0.016066 0.046774 0.010408
-1.8 0.019482 0.009811 0.0146 0.043173 0.009374
-1.7 0.017396 0.009049 0.013209 0.039732 0.008377
-1.6 0.015311 0.008286 0.011818 0.036291 0.007379
-1.5 0.013338 0.007597 0.010558 0.033084 0.006479
-1.4 0.011996 0.006963 0.009392 0.030048 0.005651
-1.3 0.010654 0.006328 0.008227 0.027012 0.004823
-1.2 0.009313 0.005766 0.007188 0.024203 0.00409
-1.1 0.007971 0.005259 0.006247 0.021571 0.003431
-1 0.006629 0.004753 0.005307 0.018939 0.002773
-0.9 0.005354 0.004316 0.00449 0.016528 0.002207
-0.8 0.004743 0.003938 0.003774 0.0143 0.001718
-0.7 0.004132 0.00356 0.003059 0.012073 0.001229
-0.6 0.00352 0.003249 0.002463 0.01006 0.00083
-0.5 0.002909 0.002999 0.001973 0.008237 0.00051
-0.4 0.002298 0.002749 0.001483 0.006413 0.000191
-0.3 0.001709 0.002565 0.001109 0.004799 -4.1e-05
-0.2 0.001828 0.002443 0.000844 0.003379 -0.000191
-0.1 0.001947 0.00232 0.000578 0.00196 -0.000341
0 0.002066 0.002262 0.000426 0.000744 -0.000406
0.1 0.002185 0.002268 0.000386 -0.000271 -0.000386
0.2 0.002304 0.002274 0.000346 -0.001286 -0.000366
0.3 0.002423 0.002342 0.000416 -0.002104 -0.000264
0.4 0.00325 0.002476 0.000601 -0.002715 -7.5e-05
0.5 0.0041 0.00261 0.000786 -0.003325 0.000114
0.6 0.004949 0.002805 0.001077 -0.003745 0.000383
0.7 0.005799 0.003067 0.001487 -0.003951 0.000742
0.8 0.006648 0.003329 0.001897 -0.004158 0.001101
0.9 0.007498 0.00365 0.00241 -0.004179 0.001537
1 0.009011 0.00404 0.003045 -0.003982 0.002065
1.1 0.010591 0.00443 0.00368 -0.003784 0.002594
1.2 0.012171 0.004877 0.004415 -0.003407 0.003197
1.3 0.013751 0.005395 0.005275 -0.002805 0.003895
1.4 0.015331 0.005913 0.006135 -0.002203 0.004593
1.5 0.016911 0.006486 0.007092 -0.001428 0.005363
1.6 0.019109 0.007132 0.008177 -0.000422 0.00623
1.7 0.021418 0.007779 0.009262 0.000584 0.007098
1.8 0.023727 0.008477 0.01044 0.001752 0.008036
1.9 0.026035 0.00925 0.011749 0.00315 0.009076
2 0.028344 0.010023 0.013058 0.004548 0.010115
2.1 0.030653 0.010829 0.014446 0.005957 0.011254
2.2 0.033495 0.011686 0.015951 0.007385 0.012544
2.3 0.036481 0.012543 0.017456 0.008812 0.013833
2.4 0.039467 0.013424 0.01903 0.010182 0.015232
2.5 0.042454 0.014344 0.020717 0.01146 0.016809
2.6 0.04544 0.015263 0.022404 0.012738 0.018386
2.7 0.048426 0.016206 0.024157 0.013961 0.020069
2.8 0.051887 0.017189 0.026026 0.01509 0.021934
2.9 0.055525 0.018171 0.027894 0.016218 0.023799
3 0.059164 0.019176 0.029826 0.017294 0.025765
3.1 0.062803 0.020221 0.031876 0.018273 0.027918
3.2 0.066442 0.021267 0.033927 0.019252 0.030071
3.3 0.07008 0.022333 0.036038 0.02018 0.032321
3.4 0.074154 0.023441 0.03827 0.021009 0.034762
3.5 0.078446 0.02455 0.040501 0.021839 0.037202
3.6 0.082738 0.025678 0.042792 0.02262 0.039736
3.7 0.08703 0.026849 0.045205 0.0233 0.042464
3.8 0.091322 0.02802 0.047618 0.02398 0.045193
3.9 0.095614 0.029211 0.050088 0.024614 0.04801
4 0.100301 0.030444 0.052683 0.025144 0.051026
4.1 0.105245 0.031678 0.055278 0.025675 0.054043
4.2 0.11019 0.032931 0.057926 0.026162 0.057143
4.3 0.115134 0.034227 0.060703 0.026543 0.060447
4.4 0.120078 0.035524 0.063479 0.026923 0.063752
4.5 0.125023 0.036838 0.066306 0.027263 0.067135
4.6 0.130323 0.038198 0.069265 0.027494 0.070728
4.7 0.13592 0.039558 0.072223 0.027726 0.07432
4.8 0.141517 0.040934 0.075229 0.027918 0.077987
4.9 0.147113 0.042356 0.07837 0.028 0.081867
5 0.15271 0.043779 0.08151 0.028082 0.085747
5.1 0.158307 0.045217 0.084695 0.028127 0.089698
5.2 0.16422 0.046702 0.088017 0.028059 0.093866
5.3 0.17047 0.048187 0.091339 0.027992 0.098035
5.4 0.176719 0.049687 0.094703 0.027889 0.102269
5.5 0.182969 0.051235 0.098206 0.027672 0.106725
5.6 0.189218 0.052784 0.10171 0.027455 0.111181
5.7 0.195468 0.054345 0.105253 0.027205 0.115699
5.8 0.201964 0.055956 0.108938 0.026839 0.120443
5.9 0.208794 0.057567 0.112623 0.026472 0.125186
6 0.215625 0.059183 0.11631 0.026087 0.129917
6.1 0.222456 0.060817 0.120003 0.025631 0.134596
6.2 0.229287 0.062452 0.123697 0.025174 0.139275
6.3 0.236117 0.064081 0.127351 0.024715 0.143859
6.4 0.243054 0.065687 0.13083 0.024245 0.148021
6.5 0.250177 0.067294 0.13431 0.023775 0.152184
6.6 0.257299 0.068895 0.137752 0.023303 0.156258
6.7 0.264422 0.070474 0.141016 0.022821 0.159902
6.8 0.271544 0.072053 0.144281 0.022338 0.163545
6.9 0.278667 0.073627 0.147511 0.021853 0.167108
7 0.285868 0.075177 0.15056 0.021358 0.170232
7.1 0.29325 0.076728 0.153609 0.020862 0.173357
7.2 0.300633 0.078275 0.156627 0.020365 0.176408
7.3 0.308015 0.079797 0.159461 0.019856 0.179014
7.4 0.315397 0.08132 0.162294 0.019348 0.181619
7.5 0.32278 0.082839 0.1651 0.018838 0.18416
7.6 0.330225 0.084334 0.167718 0.018316 0.186246
7.7 0.337867 0.085828 0.170337 0.017795 0.188332
7.8 0.345509 0.08732 0.172931 0.017272 0.190361
7.9 0.353151 0.088786 0.175334 0.016738 0.191928
8 0.360794 0.090253 0.177736 0.016204 0.193496
8.1 0.368436 0.091717 0.180118 0.015668 0.195013
8.2 0.376125 0.093156 0.182306 0.015121 0.196062
8.3 0.384027 0.094594 0.184493 0.014574 0.19711
8.4 0.391929 0.096031 0.186663 0.014026 0.198116
8.5 0.399831 0.097442 0.188635 0.013466 0.198645
8.6 0.407733 0.098852 0.190607 0.012906 0.199175
8.7 0.415635 0.100261 0.192565 0.012345 0.19967
8.8 0.423569 0.101644 0.194322 0.011772 0.19968
8.9 0.431731 0.103027 0.196079 0.011199 0.19969
9 0.439893 0.104408 0.197825 0.010626 0.199674
9.1 0.448055 0.105763 0.199366 0.01004 0.199165
9.2 0.456217 0.107118 0.200907 0.009454 0.198656
9.3 0.464378 0.108471 0.202441 0.008868 0.198128
9.4 0.472556 0.109798 0.203767 0.008269 0.1971
9.5 0.480978 0.111125 0.205093 0.007671 0.196072
9.6 0.4894 0.112451 0.206415 0.007072 0.195034
9.7 0.497821 0.11375 0.207526 0.00646 0.193486
9.8 0.506243 0.115049 0.208636 0.005849 0.191939
9.9 0.514665 0.116347 0.209746 0.005237 0.19039
10 0.523087 0.117616 0.210659 0.004586 0.188425
10.1 0.531789 0.118885 0.211572 0.003935 0.18646
10.2 0.540491 0.120153 0.212486 0.003283 0.184495
10.3 0.549194 0.121385 0.213259 0.002509 0.182431
10.4 0.557896 0.122616 0.214031 0.001733 0.180366
10.5 0.566598 0.123847 0.214803 0.000958 0.178301
10.6 0.5753 0.125041 0.215441 5.4e-05 0.176165
10.7 0.584285 0.126234 0.216077 -0.000853 0.174027
10.8 0.593288 0.127428 0.216712 -0.00176 0.171889
10.9 0.602291 0.128584 0.217216 -0.002793 0.169681
11 0.611295 0.129739 0.217715 -0.003831 0.16747
11.1 0.620298 0.130895 0.218214 -0.004869 0.165259
11.2 0.629301 0.132014 0.218584 -0.006032 0.16298
11.3 0.638568 0.133131 0.218946 -0.007202 0.160696
11.4 0.647872 0.134248 0.219308 -0.008371 0.158412
11.5 0.657176 0.13533 0.219543 -0.009663 0.15606
11.6 0.66648 0.136409 0.219769 -0.010964 0.153703
11.7 0.675784 0.137489 0.219995 -0.012265 0.151346
11.8 0.685087 0.138533 0.220095 -0.013687 0.148923
11.9 0.694637 0.139574 0.220185 -0.015119 0.146493
12 0.704242 0.140615 0.220274 -0.016552 0.144063
12.1 0.713847 0.141623 0.22024 -0.018103 0.141567
12.2 0.723451 0.142626 0.220192 -0.019666 0.139064
12.3 0.733056 0.143629 0.220145 -0.02123 0.136561
12.4 0.74266 0.144599 0.219977 -0.02291 0.133994
12.5 0.752493 0.145564 0.219793 -0.024606 0.131418
12.6 0.762398 0.146529 0.219609 -0.026301 0.128842
12.7 0.772304 0.147461 0.219306 -0.028111 0.126203
12.8 0.782209 0.148388 0.218985 -0.029937 0.123554
12.9 0.792114 0.149316 0.218664 -0.031764 0.120905
13 0.80202 0.15021 0.218227 -0.033703 0.118194
13.1 0.812135 0.1511 0.21777 -0.035661 0.115472
13.2 0.822341 0.151989 0.217313 -0.037619 0.11275
13.3 0.832547 0.152846 0.216741 -0.039688 0.109967
13.4 0.842753 0.153697 0.216147 -0.041777 0.107172
13.5 0.85296 0.154549 0.215554 -0.043867 0.104377
13.6 0.863166 0.155369 0.214847 -0.046064 0.101522
13.7 0.873542 0.156182 0.214117 -0.048285 0.098654
13.8 0.884015 0.156995 0.213387 -0.050506 0.095786
13.9 0.894489 0.157777 0.212548 -0.052811 0.092864
14 0.904962 0.158551 0.211683 -0.055135 0.08993
14.1 0.915435 0.159326 0.210818 -0.05746 0.086996
14.2 0.925909 0.160063 0.209863 -0.059677 0.084055
14.3 0.93636 0.160791 0.208883 -0.061865 0.081113
14.4 0.946796 0.161518 0.207904 -0.064054 0.078171
14.5 0.957231 0.162208 0.206839 -0.06609 0.075234
14.6 0.967667 0.162887 0.205749 -0.068082 0.072298
14.7 0.978103 0.163566 0.20466 -0.070075 0.069362
14.8 0.988538 0.164208 0.203487 -0.071917 0.066431
14.9 0.998916 0.164839 0.202287 -0.073714 0.063502
15 1.009238 0.16547 0.201088 -0.07551 0.060573
15.1 1.019561 0.166064 0.199807 -0.077159 0.057649
15.2 1.029884 0.166646 0.198497 -0.078759 0.054726
15.3 1.040207 0.167227 0.197188 -0.080358 0.051803
15.4 1.05053 0.167774 0.195799 -0.081814 0.048886
15.5 1.060801 0.168307 0.19438 -0.083218 0.04597
15.6 1.071011 0.16884 0.19296 -0.084621 0.043053
15.7 1.081221 0.169339 0.191462 -0.085884 0.040142
15.8 1.091431 0.169823 0.189933 -0.087091 0.037233
15.9 1.101641 0.170308 0.188405 -0.088298 0.034323
16 1.111851 0.170759 0.186798 -0.089367 0.031418
16.1 1.122017 0.171195 0.185159 -0.090378 0.028515
16.2 1.132114 0.171631 0.183521 -0.091389 0.025612
16.3 1.142211 0.172034 0.181806 -0.092265 0.022714
16.4 1.152308 0.172421 0.180057 -0.093079 0.019818
16.5 1.162406 0.172809 0.178308 -0.093894 0.016921
16.6 1.172503 0.173163 0.176486 -0.094576 0.014029
16.7 1.182563 0.173502 0.174627 -0.095195 0.01114
16.8 1.192547 0.173841 0.172768 -0.095813 0.00825
16.9 1.202531 0.174148 0.170837 -0.096302 0.005364
17 1.212516 0.174438 0.168869 -0.096724 0.002481
17.1 1.2225 0.174729 0.1669 -0.097146 -0.000402
17.2 1.232484 0.174988 0.164861 -0.097441 -0.003281
17.3 1.242438 0.175229 0.162783 -0.097667 -0.006158
17.4 1.25231 0.175471 0.160704 -0.097893 -0.009034
17.5 1.262181 0.175682 0.158557 -0.097995 -0.011907
17.6 1.272053 0.175875 0.156368 -0.098024 -0.014777
17.7 1.281924 0.176068 0.15418 -0.098054 -0.017647
17.8 1.291796 0.176232 0.151925 -0.097964 -0.020513
17.9 1.301638 0.176377 0.149628 -0.097799 -0.023377
18 1.311367 0.176522 0.147331 -0.097634 -0.026241
18.1 1.321097 0.176654 0.145014 -0.097418 -0.029106
18.2 1.330827 0.176777 0.142684 -0.097168 -0.031972
18.3 1.340557 0.1769 0.140354 -0.096918 -0.034839
18.4 1.350287 0.17702 0.138031 -0.096658 -0.03771
18.5 1.359987 0.177137 0.135713 -0.096391 -0.040585
18.6 1.369516 0.177255 0.133396 -0.096124 -0.04346
18.7 1.379045 0.177369 0.131086 -0.095847 -0.04634
18.8 1.388574 0.177481 0.128782 -0.095563 -0.049223
18.9 1.398103 0.177593 0.126478 -0.095279 -0.052107
19 1.407632 0.177702 0.124181 -0.094985 -0.054995
19.1 1.417142 0.177808 0.121889 -0.094684 -0.057887
19.2 1.426468 0.177914 0.119598 -0.094382 -0.060779
19.3 1.435795 0.178017 0.117314 -0.094071 -0.063675
19.4 1.445121 0.178118 0.115035 -0.093753 -0.066575
19.5 1.454447 0.178219 0.112757 -0.093434 -0.069476
19.6 1.463773 0.178316 0.110486 -0.093107 -0.072381
19.7 1.473093 0.178411 0.108221 -0.092771 -0.075289
19.8 1.482217 0.178506 0.105955 -0.092435 -0.078198
19.9 1.49134 0.178598 0.103697 -0.092091 -0.081111
20 1.500463 0.178688 0.101445 -0.091738 -0.084029
20.1 1.509587 0.178777 0.099192 -0.091385 -0.086946
20.2 1.51871 0.178864 0.096947 -0.091023 -0.089867
20.3 1.527834 0.178947 0.094707 -0.090653 -0.092793
20.4 1.53676 0.179031 0.092468 -0.090283 -0.095719
20.5 1.545681 0.179112 0.090235 -0.089905 -0.098649
20.6 1.554602 0.17919 0.088009 -0.089517 -0.101583
20.7 1.563522 0.179268 0.085783 -0.08913 -0.104517
20.8 1.572443 0.179344 0.083563 -0.088735 -0.107455
20.9 1.581363 0.179417 0.08135 -0.08833 -0.110398
21 1.5901 0.179489 0.079137 -0.087926 -0.113341
21.1 1.598817 0.179559 0.076929 -0.087514 -0.116287
21.2 1.607535 0.179626 0.074729 -0.087092 -0.119239
21.3 1.616253 0.179693 0.072529 -0.08667 -0.12219
21.4 1.624971 0.179757 0.070335 -0.086241 -0.125145
21.5 1.633689 0.179818 0.068148 -0.085803 -0.128104
21.6 1.642237 0.17988 0.065961 -0.085364 -0.131064
21.7 1.650755 0.179939 0.063779 -0.084918 -0.134027
21.8 1.659273 0.179994 0.061605 -0.084462 -0.136995
21.9 1.667791 0.18005 0.059431 -0.084006 -0.139963
22 1.676309 0.180099 0.057264 -0.083545 -0.142894
22.1 1.684827 0.180139 0.055107 -0.083076 -0.145769
22.2 1.693263 0.180179 0.052951 -0.082607 -0.148643
22.3 1.701678 0.180207 0.050804 -0.082136 -0.151418
22.4 1.710092 0.180215 0.048672 -0.081662 -0.154035
22.5 1.718507 0.180223 0.046541 -0.081188 -0.156651
22.6 1.726921 0.180219 0.044418 -0.080712 -0.15917
22.7 1.735336 0.180195 0.042311 -0.080232 -0.161526
22.8 1.743709 0.18017 0.040204 -0.079753 -0.163881
22.9 1.752067 0.180135 0.038106 -0.079272 -0.166143
23 1.760424 0.180078 0.036024 -0.078787 -0.168237
23.1 1.768782 0.180022 0.033942 -0.078302 -0.170331
23.2 1.77714 0.179954 0.031869 -0.077815 -0.172336
23.3 1.785498 0.179866 0.029812 -0.077325 -0.174169
23.4 1.793818 0.179777 0.027755 -0.076835 -0.176002
23.5 1.802119 0.179678 0.025706 -0.076343 -0.17775
23.6 1.81042 0.179557 0.023674 -0.075848 -0.179322
23.7 1.818721 0.179436 0.021642 -0.075352 -0.180893
23.8 1.827022 0.179305 0.019617 -0.074855 -0.182384
23.9 1.835323 0.179152 0.01761 -0.074354 -0.183694
24 1.84359 0.178999 0.015603 -0.073853 -0.185005
24.1 1.851834 0.178837 0.013603 -0.073351 -0.186238
24.2 1.860079 0.178651 0.01162 -0.072845 -0.187288
24.3 1.868323 0.178466 0.009638 -0.072338 -0.188337
24.4 1.876567 0.178272 0.007663 -0.071831 -0.189313
24.5 1.884812 0.178054 0.005705 -0.071319 -0.190101
24.6 1.893025 0.177837 0.003748 -0.070808 -0.19089
24.7 1.901213 0.177611 0.001797 -0.070295 -0.191608
24.8 1.909401 0.177361 -0.000136 -0.069778 -0.192135
24.9 1.917588 0.177111 -0.002068 -0.069261 -0.192662
25 1.925776 0.176853 -0.003995 -0.068743 -0.193124
25.1 1.933964 0.176571 -0.005902 -0.068221 -0.19339
25.2 1.942124 0.176289 -0.00781 -0.067699 -0.193656
25.3 1.950255 0.176 -0.009712 -0.067175 -0.19386
25.4 1.958386 0.175686 -0.011595 -0.066648 -0.193865
25.5 1.966517 0.175371 -0.013478 -0.06612 -0.193869
25.6 1.974648 0.17505 -0.015355 -0.065592 -0.193816
25.7 1.982779 0.174704 -0.017213 -0.065059 -0.19356
25.8 1.990873 0.174357 -0.019071 -0.064526 -0.193303
25.9 1.998915 0.174006 -0.020923 -0.063991 -0.193002
26 2.006957 0.173634 -0.022751 -0.063446 -0.192526
26.1 2.015 0.173263 -0.02458 -0.062902 -0.192051
26.2 2.023042 0.172891 -0.026401 -0.062351 -0.191566
26.3 2.031085 0.172522 -0.028184 -0.061771 -0.191038
26.4 2.039047 0.172153 -0.029968 -0.061191 -0.19051
26.5 2.04687 0.171785 -0.031743 -0.060605 -0.189977
26.6 2.054694 0.171421 -0.033479 -0.059987 -0.189417
26.7 2.062517 0.171057 -0.035216 -0.059368 -0.188856
26.8 2.07034 0.170695 -0.036945 -0.058744 -0.188291
26.9 2.078163 0.170337 -0.038634 -0.058088 -0.187697
27 2.085916 0.169979 -0.040323 -0.057431 -0.187104
27.1 2.093506 0.169622 -0.042005 -0.056769 -0.186506
27.2 2.101095 0.169269 -0.043647 -0.056074 -0.18588
27.3 2.108685 0.168917 -0.045289 -0.055379 -0.185254
27.4 2.116275 0.168565 -0.046925 -0.054679 -0.184624
27.5 2.123865 0.168218 -0.04852 -0.053946 -0.183965
27.6 2.131398 0.167872 -0.050115 -0.053213 -0.183306
27.7 2.138754 0.167525 -0.051704 -0.052475 -0.182643
27.8 2.14611 0.167184 -0.053252 -0.051703 -0.181951
27.9 2.153467 0.166843 -0.054799 -0.050932 -0.18126
28 2.160823 0.166502 -0.056342 -0.050156 -0.180565
28.1 2.168179 0.166167 -0.057843 -0.049346 -0.17984
28.2 2.175493 0.165831 -0.059343 -0.048537 -0.179116
28.3 2.182616 0.165496 -0.06084 -0.047723 -0.178388
28.4 2.189739 0.165166 -0.062293 -0.046875 -0.177631
28.5 2.196861 0.164836 -0.063746 -0.046027 -0.176874
28.6 2.203984 0.164507 -0.065196 -0.045176 -0.176114
28.7 2.211107 0.164182 -0.066602 -0.044289 -0.175324
28.8 2.218202 0.163858 -0.068008 -0.043402 -0.174534
28.9 2.225091 0.163534 -0.069412 -0.042514 -0.173742
29 2.23198 0.163215 -0.070771 -0.041589 -0.172919
29.1 2.23887 0.162896 -0.072129 -0.040664 -0.172096
29.2 2.245759 0.162578 -0.073486 -0.039737 -0.171271
29.3 2.252648 0.162265 -0.074798 -0.038774 -0.170415
29.4 2.259523 0.161952 -0.07611 -0.03781 -0.16956
29.5 2.266179 0.161639 -0.07742 -0.036846 -0.168703
29.6 2.272835 0.161331 -0.078685 -0.035844 -0.167814
29.7 2.279491 0.161023 -0.079949 -0.034842 -0.166926
29.8 2.286147 0.160716 -0.081213 -0.03384 -0.166037
29.9 2.292803 0.160413 -0.082432 -0.032802 -0.165106
30 2.299459 0.160111 -0.083651 -0.031764 -0.164175
30.1 2.305863 0.159808 -0.08487 -0.030726 -0.163244
30.2 2.312268 0.159504 -0.08606 -0.029674 -0.162161
30.3 2.318672 0.1592 -0.087251 -0.028622 -0.161077
30.4 2.325077 0.158896 -0.088441 -0.02757 -0.159992
30.5 2.331482 0.158587 -0.08961 -0.026511 -0.158723
30.6 2.337886 0.158279 -0.090778 -0.025453 -0.15745
30.7 2.344039 0.157971 -0.091945 -0.024394 -0.156177
30.8 2.350175 0.157659 -0.093091 -0.023329 -0.154722
30.9 2.356311 0.157347 -0.094237 -0.022264 -0.15326
31 2.362447 0.157035 -0.095382 -0.021198 -0.151798
31.1 2.368583 0.156719 -0.096505 -0.020127 -0.150157
31.2 2.374719 0.156402 -0.097628 -0.019055 -0.148506
31.3 2.380619 0.156086 -0.09875 -0.017983 -0.146856
31.4 2.386486 0.155766 -0.099851 -0.016905 -0.145029
31.5 2.392353 0.155446 -0.100951 -0.015826 -0.143189
31.6 2.398221 0.155126 -0.102051 -0.014747 -0.14135
31.7 2.404088 0.154803 -0.10313 -0.013663 -0.139337
31.8 2.409955 0.154479 -0.104207 -0.012577 -0.137309
31.9 2.415603 0.154154 -0.105284 -0.011492 -0.13528
32 2.421202 0.153827 -0.106341 -0.010401 -0.133082
32.1 2.426801 0.153499 -0.107395 -0.009309 -0.130865
32.2 2.432399 0.153171 -0.108449 -0.008217 -0.128648
32.3 2.437998 0.152839 -0.109484 -0.007119 -0.126263
32.4 2.443597 0.152507 -0.110515 -0.006021 -0.123857
32.5 2.448992 0.152175 -0.111547 -0.004922 -0.121451
32.6 2.454322 0.15184 -0.112559 -0.003818 -0.11888
32.7 2.459653 0.151504 -0.113568 -0.002712 -0.116286
32.8 2.464983 0.151168 -0.114577 -0.001607 -0.113691
32.9 2.470313 0.150829 -0.115567 -0.000496 -0.110934
33 2.475643 0.150489 -0.116553 0.000616 -0.108151
33.1 2.480786 0.150149 -0.117539 0.001727 -0.105368
33.2 2.485848 0.149806 -0.118506 0.002845 -0.102425
33.3 2.490909 0.149462 -0.11947 0.003963 -0.099453
33.4 2.495971 0.149119 -0.120434 0.005082 -0.096481
33.5 2.501032 0.148771 -0.121378 0.006206 -0.093352
33.6 2.506094 0.148424 -0.122319 0.007331 -0.090191
33.7 2.51099 0.148076 -0.12326 0.008456 -0.08703
33.8 2.515793 0.147725 -0.124183 0.009587 -0.083716
33.9 2.520595 0.147373 -0.125101 0.010718 -0.080367
34 2.525398 0.147022 -0.126019 0.01185 -0.077018
34.1 2.5302 0.146675 -0.126913 0.01294 -0.073613
34.2 2.535003 0.14633 -0.1278 0.01402 -0.070194
34.3 2.539706 0.145985 -0.128687 0.0151 -0.066775
34.4 2.544336 0.145652 -0.129544 0.016105 -0.063373
34.5 2.548966 0.145322 -0.130394 0.017088 -0.059976
34.6 2.553596 0.144992 -0.131243 0.018072 -0.056579
34.7 2.558226 0.144673 -0.132063 0.018982 -0.053199
34.8 2.562856 0.144357 -0.132875 0.019869 -0.049824
34.9 2.567408 0.144042 -0.133686 0.020756 -0.046449
35 2.571886 0.143738 -0.13447 0.021571 -0.043091
35.1 2.576365 0.143437 -0.135244 0.022362 -0.039739
35.2 2.580844 0.143137 -0.136017 0.023153 -0.036386
35.3 2.585323 0.142847 -0.136763 0.023872 -0.03305
35.4 2.589801 0.142561 -0.1375 0.024567 -0.029719
35.5 2.594211 0.142276 -0.138236 0.025261 -0.026388
35.6 2.598539 0.142001 -0.138945 0.025886 -0.023074
35.7 2.602866 0.14173 -0.139643 0.026484 -0.019765
35.8 2.607194 0.141459 -0.140342 0.027082 -0.016457
35.9 2.611521 0.141198 -0.141013 0.027611 -0.013164
36 2.615849 0.140942 -0.141674 0.028113 -0.009878
36.1 2.620116 0.140686 -0.142335 0.028615 -0.006592
36.2 2.624293 0.14044 -0.142969 0.02905 -0.003321
36.3 2.628469 0.140199 -0.143592 0.029455 -5.6e-05
36.4 2.632645 0.139958 -0.144215 0.02986 0.003208
36.5 2.636821 0.139726 -0.144813 0.0302 0.006457
36.6 2.640998 0.1395 -0.145398 0.030509 0.009699
36.7 2.645123 0.139273 -0.145983 0.030818 0.012941
36.8 2.649148 0.139057 -0.146543 0.031062 0.016169
36.9 2.653173 0.138845 -0.147091 0.031275 0.019389
37 2.657198 0.138633 -0.147639 0.031487 0.022608
37.1 2.661223 0.138431 -0.148162 0.031637 0.025814
37.2 2.665247 0.138234 -0.148672 0.031753 0.029012
37.3 2.669231 0.138038 -0.149181 0.031869 0.03221
37.4 2.673105 0.13785 -0.149667 0.031924 0.035394
37.5 2.676978 0.137668 -0.150139 0.031944 0.038569
37.6 2.680852 0.137486 -0.150612 0.031964 0.041745
37.7 2.684725 0.137313 -0.15106 0.031924 0.044907
37.8 2.688599 0.137146 -0.151495 0.031847 0.048061
37.9 2.692436 0.136979 -0.151929 0.03177 0.051214
38 2.69614 0.136818 -0.152343 0.031662 0.054336
38.1 2.699843 0.136663 -0.152744 0.031533 0.057437
38.2 2.703546 0.136507 -0.153145 0.031404 0.060539
38.3 2.707249 0.136354 -0.153531 0.031298 0.063573
38.4 2.710953 0.136202 -0.153907 0.031207 0.066561
38.5 2.714624 0.136051 -0.154283 0.031115 0.069548
38.6 2.718118 0.135902 -0.154644 0.031047 0.07247
38.7 2.721611 0.135755 -0.154995 0.030997 0.075342
38.8 2.725105 0.135608 -0.155346 0.030946 0.078213
38.9 2.728599 0.135463 -0.155683 0.030919 0.081021
39 2.732092 0.13532 -0.156009 0.030909 0.083777
39.1 2.735567 0.135177 -0.156335 0.030899 0.086533
39.2 2.738849 0.135036 -0.156648 0.030912 0.089227
39.3 2.742132 0.134897 -0.156949 0.030943 0.091867
39.4 2.745415 0.134759 -0.157251 0.030974 0.094507
39.5 2.748698 0.134622 -0.157539 0.031026 0.097087
39.6 2.751981 0.134488 -0.157816 0.031098 0.099612
39.7 2.755257 0.134353 -0.158092 0.03117 0.102136
39.8 2.758329 0.134221 -0.158356 0.031263 0.104602
39.9 2.761401 0.13409 -0.158608 0.031375 0.107011
40 2.764473 0.13396 -0.158859 0.031488 0.10942
40.1 2.767545 0.133832 -0.159099 0.03162 0.111771
40.2 2.770617 0.133706 -0.159326 0.031774 0.114064
40.3 2.773689 0.13358 -0.159552 0.031927 0.116358
40.4 2.776556 0.133455 -0.159767 0.0321 0.118595
40.5 2.779418 0.133334 -0.159969 0.032294 0.120772
40.6 2.782279 0.133212 -0.160171 0.032488 0.12295
40.7 2.78514 0.133092 -0.160362 0.032701 0.125073
40.8 2.788001 0.132974 -0.160539 0.032936 0.127135
40.9 2.790862 0.132856 -0.160717 0.033171 0.129197
41 2.793532 0.132741 -0.160883 0.033424 0.131206
41.1 2.796182 0.132627 -0.161035 0.033699 0.133153
41.2 2.798832 0.132514 -0.161188 0.033975 0.135099
41.3 2.801483 0.132402 -0.161329 0.034268 0.136994
41.4 2.804133 0.132293 -0.161457 0.034585 0.138824
41.5 2.806783 0.132183 -0.161584 0.034901 0.140655
41.6 2.809259 0.132076 -0.161702 0.035234 0.142436
41.7 2.811703 0.131971 -0.161804 0.035592 0.144151
41.8 2.814148 0.131866 -0.161907 0.035949 0.145865
41.9 2.816592 0.131763 -0.162 0.03632 0.147535
42 2.819037 0.131662 -0.162079 0.036711 0.149139
42.1 2.821481 0.131562 -0.162158 0.037103 0.150743
42.2 2.823887 0.131464 -0.16223 0.037495 0.152314
42.3 2.826283 0.13137 -0.16229 0.037889 0.153833
42.4 2.828679 0.131277 -0.16235 0.038283 0.155352
42.5 2.831075 0.131186 -0.162403 0.038677 0.156841
42.6 2.833471 0.131099 -0.162445 0.039068 0.15828
42.7 2.835867 0.131013 -0.162487 0.03946 0.159718
42.8 2.838283 0.130929 -0.162522 0.039851 0.161127
42.9 2.840707 0.130849 -0.162546 0.040241 0.162485
43 2.843132 0.13077 -0.162569 0.04063 0.163843
43.1 2.845556 0.130693 -0.162587 0.041019 0.165172
43.2 2.84798 0.130621 -0.162592 0.041407 0.166449
43.3 2.850404 0.130548 -0.162598 0.041794 0.167726
43.4 2.852847 0.130478 -0.162597 0.042181 0.168976
43.5 2.855299 0.130413 -0.162584 0.042566 0.170172
43.6 2.857751 0.130348 -0.162571 0.042951 0.171368
43.7 2.860204 0.130285 -0.162553 0.043335 0.172538
43.8 2.862656 0.130227 -0.162522 0.043718 0.173654
43.9 2.865108 0.130168 -0.162491 0.044101 0.174769
44 2.867578 0.130112 -0.162454 0.044483 0.17586
44.1 2.870058 0.130061 -0.162405 0.044863 0.176894
44.2 2.872539 0.13001 -0.162356 0.045244 0.177929
44.3 2.875019 0.129961 -0.162301 0.045624 0.17894
44.4 2.8775 0.129917 -0.162234 0.046002 0.179894
44.5 2.87998 0.129873 -0.162166 0.04638 0.180847
44.6 2.882476 0.129831 -0.162094 0.046758 0.181779
44.7 2.884985 0.129795 -0.162008 0.047134 0.182652
44.8 2.887493 0.129758 -0.161923 0.04751 0.183525
44.9 2.890002 0.129723 -0.161832 0.047886 0.184377
45 2.892511 0.129693 -0.161729 0.048259 0.185169
45.1 2.895019 0.129663 -0.161625 0.048633 0.185961
45.2 2.897542 0.129635 -0.161516 0.049006 0.186734
45.3 2.900079 0.129613 -0.161394 0.049378 0.187445
45.4 2.902615 0.12959 -0.161272 0.049749 0.188156
45.5 2.905152 0.129569 -0.161146 0.05012 0.188849
45.6 2.907689 0.129553 -0.161006 0.05049 0.18948
45.7 2.910226 0.129538 -0.160865 0.050859 0.19011
45.8 2.912739 0.129524 -0.160722 0.051228 0.190724
45.9 2.91522 0.129515 -0.160564 0.051594 0.191274
46 2.9177 0.129507 -0.160407 0.05196 0.191824
46.1 2.920181 0.129499 -0.160251 0.052323 0.19236
46.2 2.922661 0.129497 -0.1601 0.052671 0.192839
46.3 2.925142 0.129495 -0.159948 0.053019 0.193318
46.4 2.927476 0.129494 -0.159799 0.053363 0.193784
46.5 2.929556 0.129498 -0.159662 0.053687 0.194195
46.6 2.931637 0.129502 -0.159526 0.054012 0.194605
46.7 2.933717 0.129507 -0.159391 0.054332 0.195005
46.8 2.935797 0.129517 -0.159269 0.054633 0.195347
46.9 2.937877 0.129527 -0.159147 0.054934 0.19569
47 2.939824 0.129538 -0.159027 0.055231 0.196022
47.1 2.941466 0.129554 -0.15892 0.055508 0.196297
47.2 2.943107 0.12957 -0.158812 0.055785 0.196572
47.3 2.944749 0.129587 -0.158707 0.056058 0.196837
47.4 2.946391 0.12961 -0.158614 0.056311 0.197044
47.5 2.948033 0.129632 -0.158522 0.056565 0.19725
47.6 2.949568 0.129655 -0.158431 0.056815 0.197449
47.7 2.950772 0.129683 -0.158353 0.057044 0.197588
47.8 2.951975 0.129711 -0.158275 0.057273 0.197726
47.9 2.953178 0.12974 -0.158198 0.0575 0.197858
48 2.954382 0.129775 -0.158135 0.057706 0.197928
48.1 2.955585 0.129809 -0.158072 0.057911 0.197999
48.2 2.956709 0.129844 -0.15801 0.058115 0.198063
48.3 2.957474 0.129884 -0.157961 0.058297 0.198066
48.4 2.958239 0.129925 -0.157913 0.058478 0.198069
48.5 2.959004 0.129966 -0.157865 0.058658 0.198066
48.6 2.95977 0.130012 -0.157831 0.058816 0.198001
48.7 2.960535 0.130059 -0.157797 0.058974 0.197935
48.8 2.961247 0.130106 -0.157764 0.059131 0.197866
48.9 2.961573 0.130158 -0.157745 0.059265 0.197733
49 2.9619 0.130211 -0.157726 0.059399 0.197599
49.1 2.962227 0.130264 -0.157707 0.059532 0.197463
49.2 2.962554 0.130323 -0.157703 0.059643 0.197261
49.3 2.962881 0.130381 -0.157698 0.059753 0.19706
49.4 2.963181 0.13044 -0.157694 0.059863 0.196856
49.5 2.96307 0.130505 -0.157704 0.05995 0.196587
49.6 2.962958 0.13057 -0.157715 0.060036 0.196318
49.7 2.962847 0.130635 -0.157725 0.060122 0.196047
49.8 2.962735 0.130706 -0.15775 0.060185 0.19571
49.9 2.962624 0.130776 -0.157775 0.060248 0.195372
50 2.962512 0.130847 -0.1578 0.060311 0.195035
