phase mean FPC1 FPC2 FPC3 FPC4
-10 0.81887 0.023446 0.206065 0.435548 -0.288425
-9.9 0.803963 0.023503 0.204942 0.43331 -0.287662
-9.8 0.789056 0.02356 0.203818 0.431072 -0.286899
-9.7 0.774149 0.023617 0.202695 0.428835 -0.286136
-9.6 0.759242 0.023634 0.201368 0.426151 -0.284966
-9.5 0.744334 0.02365 0.200037 0.423461 -0.283791
-9.4 0.729427 0.023667 0.198706 0.420771 -0.282615
-9.3 0.715047 0.023643 0.197174 0.417643 -0.28104
-9.2 0.7007 0.023619 0.195636 0.414501 -0.279452
-9.1 0.686353 0.023595 0.194097 0.411358 -0.277864
-9 0.672007 0.023531 0.19236 0.407784 -0.275881
-8.9 0.65766 0.023466 0.190614 0.40419 -0.273881
-8.8 0.643314 0.023401 0.188868 0.400595 -0.27188
-8.7 0.62946 0.023298 0.186927 0.396576 -0.269492
-8.6 0.615674 0.023192 0.184973 0.392529 -0.267078
-8.5 0.601887 0.023086 0.183019 0.388482 -0.264665
-8.4 0.588101 0.022943 0.180873 0.384018 -0.26187
-8.3 0.574315 0.022796 0.178711 0.379519 -0.259044
-8.2 0.560529 0.02265 0.17655 0.37502 -0.256219
-8.1 0.547202 0.022466 0.174199 0.370109 -0.253017
-8 0.533976 0.022279 0.17183 0.365158 -0.249779
-7.9 0.520751 0.022092 0.169461 0.360207 -0.246541
-7.8 0.507525 0.021868 0.166906 0.354851 -0.242933
-7.7 0.494299 0.02164 0.164329 0.349448 -0.239282
-7.6 0.481074 0.021412 0.161752 0.344045 -0.235631
-7.5 0.468273 0.021149 0.158992 0.338243 -0.231617
-7.4 0.455608 0.02088 0.156208 0.332388 -0.227553
-7.3 0.442943 0.020612 0.153423 0.326532 -0.22349
-7.2 0.430278 0.020308 0.150459 0.320286 -0.219069
-7.1 0.417613 0.019999 0.147467 0.313978 -0.214593
-7 0.404948 0.019689 0.144474 0.30767 -0.210117
-6.9 0.392673 0.019346 0.141305 0.300978 -0.20529
-6.8 0.380569 0.018996 0.138105 0.294218 -0.200402
-6.7 0.368464 0.018646 0.134905 0.287458 -0.195513
-6.6 0.356359 0.018262 0.131532 0.28032 -0.19028
-6.5 0.344255 0.017871 0.128124 0.273108 -0.184978
-6.4 0.33215 0.017481 0.124717 0.265895 -0.179677
-6.3 0.320448 0.017057 0.121139 0.258313 -0.174038
-6.2 0.308975 0.016625 0.117523 0.250648 -0.168324
-6.1 0.297502 0.016194 0.113908 0.242983 -0.16261
-6 0.286029 0.015745 0.110219 0.235152 -0.156738
-5.9 0.274556 0.015291 0.106513 0.227279 -0.150827
-5.8 0.263083 0.014837 0.102806 0.219407 -0.144917
-5.7 0.252347 0.014402 0.09926 0.211857 -0.139282
-5.6 0.242152 0.013972 0.095756 0.204393 -0.13372
-5.5 0.231958 0.013541 0.092252 0.196929 -0.128158
-5.4 0.221764 0.013131 0.088919 0.189808 -0.122891
-5.3 0.21157 0.012727 0.085635 0.182788 -0.117709
-5.2 0.201375 0.012323 0.082351 0.175768 -0.112527
-5.1 0.191922 0.011939 0.079233 0.169084 -0.107634
-5 0.183165 0.011561 0.076169 0.162508 -0.102832
-4.9 0.174408 0.011183 0.073104 0.155931 -0.09803
-4.8 0.165651 0.010825 0.070204 0.149685 -0.09351
-4.7 0.156895 0.010473 0.067359 0.143552 -0.089088
-4.6 0.148138 0.010122 0.064514 0.137419 -0.084666
-4.5 0.140035 0.009789 0.061829 0.131609 -0.080521
-4.4 0.132715 0.009463 0.059204 0.12592 -0.076479
-4.3 0.125396 0.009138 0.056579 0.120231 -0.072437
-4.2 0.118077 0.008831 0.054111 0.114858 -0.068666
-4.1 0.110758 0.008532 0.051706 0.109612 -0.065003
-4 0.103439 0.008232 0.0493 0.104367 -0.061341
-3.9 0.096686 0.007951 0.047048 0.099431 -0.057944
-3.8 0.090804 0.007678 0.044863 0.094629 -0.054662
-3.7 0.084922 0.007405 0.042677 0.089827 -0.051379
-3.6 0.079041 0.00715 0.040641 0.085329 -0.048356
-3.5 0.073159 0.006903 0.038675 0.08097 -0.045454
-3.4 0.067277 0.006656 0.036709 0.076612 -0.042551
-3.3 0.061875 0.006426 0.03489 0.07255 -0.039902
-3.2 0.057433 0.006206 0.033144 0.068636 -0.03738
-3.1 0.05299 0.005985 0.031397 0.064721 -0.034857
-3 0.048547 0.005781 0.029794 0.061097 -0.032583
-2.9 0.044104 0.005586 0.028267 0.057626 -0.03044
-2.8 0.039661 0.005392 0.026741 0.054155 -0.028297
-2.7 0.03561 0.005214 0.025354 0.050967 -0.026397
-2.6 0.032605 0.005045 0.024047 0.04794 -0.024634
-2.5 0.0296 0.004877 0.02274 0.044913 -0.022871
-2.4 0.026594 0.004725 0.02157 0.042162 -0.021344
-2.3 0.023589 0.004583 0.020482 0.039579 -0.019961
-2.2 0.020584 0.00444 0.019395 0.036995 -0.018578
-2.1 0.017831 0.004312 0.018431 0.034666 -0.017401
-2 0.016018 0.004194 0.017547 0.0325 -0.016355
-1.9 0.014204 0.004075 0.016662 0.030335 -0.01531
-1.8 0.012391 0.00396 0.015835 0.028319 -0.014302
-1.7 0.010577 0.003847 0.015046 0.026406 -0.013319
-1.6 0.008764 0.003734 0.014257 0.024492 -0.012337
-1.5 0.007055 0.003623 0.013511 0.022705 -0.01136
-1.4 0.005929 0.003512 0.012796 0.021011 -0.010386
-1.3 0.004803 0.003402 0.012081 0.019316 -0.009412
-1.2 0.003678 0.003293 0.011408 0.017745 -0.008443
-1.1 0.002552 0.003186 0.010767 0.01627 -0.007478
-1 0.001427 0.003078 0.010126 0.014794 -0.006513
-0.9 0.000362 0.002972 0.009526 0.013438 -0.005552
-0.8 -9.1e-05 0.002867 0.008959 0.012182 -0.004596
-0.7 -0.000545 0.002762 0.008393 0.010925 -0.003639
-0.6 -0.000998 0.002658 0.007865 0.009785 -0.002687
-0.5 -0.001452 0.002555 0.007373 0.008748 -0.001739
-0.4 -0.001905 0.002453 0.00688 0.00771 -0.000791
-0.3 -0.002339 0.002351 0.006425 0.006786 0.000153
-0.2 -0.00212 0.002251 0.006007 0.005967 0.001092
-0.1 -0.001901 0.002151 0.005588 0.005148 0.002032
0 -0.001683 0.002053 0.005207 0.00444 0.002967
0.1 -0.001464 0.001955 0.004862 0.00384 0.003898
0.2 -0.001246 0.001858 0.004517 0.00324 0.004829
0.3 -0.001027 0.001761 0.004209 0.002747 0.005756
0.4 -0.000157 0.001666 0.003938 0.002366 0.006679
0.5 0.000733 0.001572 0.003668 0.001985 0.007601
0.6 0.001624 0.001478 0.003432 0.001708 0.00852
0.7 0.002515 0.001385 0.003235 0.001546 0.009434
0.8 0.003405 0.001293 0.003039 0.001384 0.010348
0.9 0.004296 0.001202 0.002876 0.001322 0.011258
1 0.005797 0.001112 0.002754 0.001379 0.012163
1.1 0.00736 0.001022 0.002631 0.001436 0.013069
1.2 0.008923 0.000933 0.002541 0.00159 0.01397
1.3 0.010485 0.000846 0.002493 0.001866 0.014867
1.4 0.012048 0.000759 0.002444 0.002142 0.015764
1.5 0.01361 0.000673 0.002428 0.002511 0.016657
1.6 0.015736 0.000588 0.002453 0.003006 0.017546
1.7 0.017963 0.000503 0.002479 0.003501 0.018434
1.8 0.020189 0.00042 0.002534 0.004084 0.01932
1.9 0.022416 0.000338 0.002633 0.004791 0.020202
2 0.024643 0.000256 0.002732 0.005499 0.021084
2.1 0.026869 0.000183 0.002849 0.00622 0.021987
2.2 0.029416 0.000123 0.002993 0.006962 0.022924
2.3 0.032049 6.2e-05 0.003138 0.007703 0.023861
2.4 0.034682 1.3e-05 0.003295 0.008424 0.02483
2.5 0.037315 -1.7e-05 0.003472 0.009112 0.025852
2.6 0.039948 -4.8e-05 0.003649 0.0098 0.026874
2.7 0.042581 -6.7e-05 0.003838 0.010467 0.027927
2.8 0.045419 -6.8e-05 0.004047 0.011101 0.029034
2.9 0.048333 -6.8e-05 0.004257 0.011734 0.030141
3 0.051246 -5.8e-05 0.004478 0.012349 0.031278
3.1 0.05416 -2.9e-05 0.00472 0.012928 0.03247
3.2 0.057074 0 0.004962 0.013508 0.033662
3.3 0.059988 4e-05 0.005215 0.014069 0.034883
3.4 0.06309 9.9e-05 0.005489 0.014594 0.03616
3.5 0.066285 0.000159 0.005764 0.015119 0.037437
3.6 0.06948 0.000228 0.006048 0.015627 0.038742
3.7 0.072675 0.000317 0.006355 0.016098 0.040104
3.8 0.07587 0.000406 0.006662 0.01657 0.041466
3.9 0.079066 0.000505 0.006979 0.017024 0.042854
4 0.082431 0.000624 0.007319 0.017441 0.044302
4.1 0.085907 0.000743 0.007658 0.017858 0.045749
4.2 0.089383 0.000871 0.008007 0.01826 0.047221
4.3 0.092859 0.001021 0.008379 0.018623 0.048754
4.4 0.096335 0.00117 0.008751 0.018986 0.050286
4.5 0.099811 0.001328 0.009132 0.019334 0.051842
4.6 0.103441 0.001507 0.009536 0.019643 0.053459
4.7 0.107198 0.001686 0.009941 0.019952 0.055077
4.8 0.110955 0.001873 0.010353 0.020246 0.056717
4.9 0.114712 0.002082 0.01079 0.020501 0.058419
5 0.118469 0.002291 0.011227 0.020756 0.060122
5.1 0.122226 0.002508 0.011672 0.020997 0.061845
5.2 0.126119 0.002747 0.012141 0.021198 0.063633
5.3 0.130157 0.002986 0.012611 0.021399 0.065421
5.4 0.134195 0.003232 0.013088 0.021587 0.067228
5.5 0.138233 0.003502 0.01359 0.021733 0.069101
5.6 0.142271 0.003771 0.014091 0.02188 0.070974
5.7 0.146308 0.004046 0.0146 0.022015 0.072865
5.8 0.150447 0.004345 0.015135 0.022107 0.074823
5.9 0.154723 0.004644 0.015669 0.0222 0.076781
6 0.158999 0.004948 0.016223 0.022299 0.078766
6.1 0.163275 0.00527 0.016852 0.022427 0.080857
6.2 0.167551 0.005593 0.017481 0.022555 0.082947
6.3 0.171827 0.005918 0.018142 0.022711 0.085074
6.4 0.176125 0.006255 0.018945 0.02299 0.08736
6.5 0.180464 0.006591 0.019749 0.023268 0.089645
6.6 0.184803 0.006931 0.020582 0.023573 0.091964
6.7 0.189142 0.007282 0.02156 0.024003 0.094444
6.8 0.19348 0.007633 0.022539 0.024432 0.096924
6.9 0.197819 0.007987 0.023544 0.024886 0.099434
7 0.202171 0.008353 0.024697 0.025467 0.102109
7.1 0.206554 0.008718 0.02585 0.026048 0.104784
7.2 0.210936 0.009086 0.027028 0.02665 0.107486
7.3 0.215319 0.009467 0.028356 0.027382 0.110356
7.4 0.219701 0.009847 0.029684 0.028114 0.113226
7.5 0.224084 0.010229 0.031034 0.028865 0.11612
7.6 0.228477 0.010624 0.032537 0.029749 0.119184
7.7 0.232903 0.011018 0.03404 0.030632 0.122249
7.8 0.237329 0.011415 0.035562 0.031532 0.125335
7.9 0.241755 0.011824 0.03724 0.032567 0.128594
8 0.246181 0.012233 0.038918 0.033601 0.131853
8.1 0.250607 0.012644 0.040612 0.03465 0.135131
8.2 0.255041 0.013068 0.042465 0.035836 0.138585
8.3 0.259511 0.013491 0.044317 0.037022 0.142039
8.4 0.263981 0.013916 0.046184 0.03822 0.145508
8.5 0.268451 0.014354 0.048211 0.039557 0.149157
8.6 0.272921 0.014793 0.050239 0.040894 0.152806
8.7 0.27739 0.015232 0.052278 0.04224 0.156467
8.8 0.281865 0.015684 0.05448 0.043729 0.160311
8.9 0.286379 0.016137 0.056682 0.045217 0.164154
9 0.290892 0.016591 0.058893 0.046712 0.168008
9.1 0.295406 0.017058 0.06127 0.048352 0.172046
9.2 0.299919 0.017525 0.063648 0.049991 0.176084
9.3 0.304433 0.017993 0.066031 0.051636 0.180129
9.4 0.308949 0.018474 0.068583 0.053426 0.184362
9.5 0.313506 0.018956 0.071135 0.055217 0.188596
9.6 0.318063 0.019438 0.07369 0.057011 0.192832
9.7 0.32262 0.019934 0.076417 0.058952 0.19726
9.8 0.327178 0.02043 0.079144 0.060894 0.201688
9.9 0.331735 0.020926 0.081872 0.062836 0.206116
10 0.336292 0.02143 0.084751 0.064809 0.210558
10.1 0.34073 0.021933 0.087631 0.066782 0.215001
10.2 0.345168 0.022436 0.090511 0.068755 0.219443
10.3 0.349606 0.022925 0.093472 0.070386 0.223338
10.4 0.354044 0.023413 0.096435 0.072013 0.227227
10.5 0.358482 0.023901 0.099398 0.073641 0.231117
10.6 0.36292 0.024372 0.102436 0.0749 0.234421
10.7 0.367093 0.024843 0.105475 0.07615 0.23771
10.8 0.37125 0.025314 0.108515 0.0774 0.240999
10.9 0.375406 0.025768 0.111629 0.078287 0.243711
11 0.379562 0.026221 0.114746 0.079159 0.2464
11.1 0.383718 0.026675 0.117863 0.080032 0.249088
11.2 0.387875 0.027112 0.121053 0.080547 0.25121
11.3 0.391783 0.027548 0.124248 0.081042 0.253298
11.4 0.395658 0.027984 0.127442 0.081537 0.255386
11.5 0.399532 0.028405 0.130708 0.081681 0.256915
11.6 0.403407 0.028824 0.133979 0.081798 0.258403
11.7 0.407281 0.029243 0.137251 0.081916 0.25989
11.8 0.411156 0.029646 0.140593 0.081688 0.260829
11.9 0.4148 0.030047 0.143941 0.081428 0.261716
12 0.418393 0.030449 0.14729 0.081167 0.262603
12.1 0.421986 0.030835 0.150708 0.080568 0.26295
12.2 0.425578 0.03122 0.154134 0.07993 0.263236
12.3 0.429171 0.031604 0.15756 0.079292 0.263523
12.4 0.432764 0.031973 0.161054 0.078321 0.263278
12.5 0.436143 0.03234 0.164557 0.077306 0.262964
12.6 0.439454 0.032708 0.16806 0.076291 0.26265
12.7 0.442765 0.03306 0.17163 0.074947 0.261814
12.8 0.446076 0.03341 0.17521 0.073555 0.2609
12.9 0.449387 0.03376 0.17879 0.072162 0.259985
13 0.452698 0.034095 0.182437 0.070447 0.258558
13.1 0.455813 0.034427 0.186094 0.068677 0.257043
13.2 0.458842 0.03476 0.189751 0.066907 0.255528
13.3 0.461871 0.035078 0.193474 0.06482 0.253509
13.4 0.464901 0.035393 0.197208 0.062673 0.251393
13.5 0.46793 0.035709 0.200943 0.060525 0.249278
13.6 0.470959 0.03601 0.204741 0.058066 0.246668
13.7 0.473799 0.036308 0.208553 0.055541 0.243952
13.8 0.47653 0.036606 0.212365 0.053016 0.241236
13.9 0.479262 0.036895 0.216211 0.050211 0.238068
14 0.481994 0.037183 0.220065 0.04734 0.234793
14.1 0.484725 0.03747 0.223919 0.044469 0.231518
14.2 0.487457 0.037793 0.227568 0.041539 0.228085
14.3 0.489933 0.038126 0.231164 0.038594 0.224611
14.4 0.492222 0.038459 0.23476 0.035649 0.221137
14.5 0.494511 0.038838 0.238095 0.032699 0.217579
14.6 0.496799 0.03923 0.241357 0.029749 0.213996
14.7 0.499088 0.039622 0.244619 0.026798 0.210414
14.8 0.501377 0.040059 0.247625 0.023843 0.206749
14.9 0.503419 0.040511 0.250552 0.020887 0.203058
15 0.505229 0.040963 0.25348 0.017931 0.199367
15.1 0.507039 0.041459 0.256157 0.014971 0.195595
15.2 0.508849 0.04197 0.25875 0.01201 0.191796
15.3 0.510659 0.042481 0.261343 0.009048 0.187997
15.4 0.512469 0.043036 0.263691 0.006083 0.184118
15.5 0.514062 0.043607 0.26595 0.003116 0.180211
15.6 0.515393 0.044177 0.268208 0.000149 0.176303
15.7 0.516725 0.044791 0.270227 -0.002821 0.172318
15.8 0.518057 0.045421 0.272152 -0.005794 0.168302
15.9 0.519388 0.046051 0.274076 -0.008766 0.164286
16 0.52072 0.046723 0.275765 -0.011742 0.160194
16.1 0.521863 0.047413 0.277356 -0.01472 0.15607
16.2 0.522716 0.048103 0.278946 -0.017697 0.151945
16.3 0.523569 0.048833 0.280306 -0.020679 0.147746
16.4 0.524422 0.049582 0.281562 -0.023662 0.143514
16.5 0.525275 0.050332 0.282818 -0.026645 0.139281
16.6 0.526128 0.051121 0.283849 -0.029631 0.134975
16.7 0.526821 0.05193 0.284771 -0.03262 0.130634
16.8 0.527195 0.052738 0.285692 -0.035608 0.126293
16.9 0.527569 0.053586 0.286394 -0.038601 0.121881
17 0.527943 0.054454 0.286981 -0.041594 0.117432
17.1 0.528317 0.055323 0.287569 -0.044588 0.112982
17.2 0.528691 0.056229 0.287941 -0.047586 0.108463
17.3 0.528935 0.057157 0.288194 -0.050585 0.103905
17.4 0.528831 0.058085 0.288448 -0.053584 0.099348
17.5 0.528726 0.05905 0.288491 -0.056587 0.094722
17.6 0.528622 0.060037 0.28841 -0.059592 0.090056
17.7 0.528517 0.061024 0.288329 -0.062596 0.08539
17.8 0.528413 0.062047 0.288043 -0.065604 0.080659
17.9 0.528253 0.063094 0.28763 -0.068613 0.075887
18 0.527887 0.06414 0.287216 -0.071621 0.071115
18.1 0.527521 0.065202 0.286655 -0.07459 0.066369
18.2 0.527155 0.066275 0.285997 -0.077531 0.06164
18.3 0.526789 0.067348 0.285338 -0.080472 0.056911
18.4 0.526423 0.068425 0.284568 -0.083347 0.05226
18.5 0.526085 0.069505 0.283718 -0.086176 0.047665
18.6 0.525903 0.070586 0.282869 -0.089004 0.04307
18.7 0.525721 0.07167 0.281911 -0.091769 0.038552
18.8 0.525538 0.072757 0.28087 -0.094485 0.034092
18.9 0.525356 0.073844 0.27983 -0.097201 0.029632
19 0.525174 0.074935 0.278684 -0.099855 0.025246
19.1 0.52501 0.07603 0.277453 -0.102459 0.02092
19.2 0.525026 0.077124 0.276222 -0.105063 0.016594
19.3 0.525041 0.078222 0.274888 -0.107606 0.012341
19.4 0.525057 0.079324 0.273466 -0.110097 0.008149
19.5 0.525073 0.080425 0.272044 -0.112589 0.003958
19.6 0.525088 0.08153 0.270523 -0.115021 -0.000163
19.7 0.52511 0.082639 0.26891 -0.1174 -0.00422
19.8 0.525324 0.083747 0.267297 -0.119779 -0.008277
19.9 0.525537 0.084859 0.265588 -0.122101 -0.012265
20 0.525751 0.085975 0.263784 -0.124368 -0.016187
20.1 0.525964 0.087091 0.261981 -0.126634 -0.02011
20.2 0.526178 0.08821 0.260083 -0.128845 -0.023966
20.3 0.526391 0.089332 0.258089 -0.130999 -0.027754
20.4 0.526796 0.090455 0.256095 -0.133153 -0.031541
20.5 0.527208 0.091581 0.254009 -0.135254 -0.035265
20.6 0.527619 0.092711 0.251824 -0.137295 -0.038918
20.7 0.52803 0.093841 0.249639 -0.139337 -0.042572
20.8 0.528442 0.094974 0.247366 -0.141327 -0.046163
20.9 0.528853 0.096111 0.24499 -0.143256 -0.049682
21 0.529444 0.097248 0.242614 -0.145185 -0.053201
21.1 0.530053 0.098388 0.240153 -0.147064 -0.05666
21.2 0.530662 0.099532 0.237586 -0.148881 -0.060044
21.3 0.531271 0.100676 0.235019 -0.150698 -0.063428
21.4 0.531881 0.101823 0.23237 -0.152466 -0.066755
21.5 0.53249 0.102974 0.229613 -0.154171 -0.070005
21.6 0.533265 0.104125 0.226855 -0.155875 -0.073255
21.7 0.53407 0.105279 0.224018 -0.157533 -0.076449
21.8 0.534875 0.106437 0.22107 -0.159125 -0.079564
21.9 0.53568 0.107596 0.218122 -0.160717 -0.08268
22 0.536485 0.108754 0.215123 -0.162253 -0.085741
22.1 0.53729 0.109914 0.212047 -0.163707 -0.088723
22.2 0.538203 0.111073 0.208972 -0.165161 -0.091704
22.3 0.539145 0.11223 0.205887 -0.166546 -0.094634
22.4 0.540086 0.113381 0.202788 -0.167821 -0.097482
22.5 0.541028 0.114533 0.199688 -0.169096 -0.100329
22.6 0.54197 0.115681 0.196581 -0.170304 -0.103128
22.7 0.542911 0.116825 0.193459 -0.171399 -0.105842
22.8 0.543931 0.117968 0.190337 -0.172494 -0.108556
22.9 0.54498 0.119108 0.187207 -0.173524 -0.111223
23 0.54603 0.120243 0.184063 -0.174439 -0.113804
23.1 0.547079 0.121379 0.180919 -0.175354 -0.116385
23.2 0.548128 0.122511 0.177767 -0.176207 -0.11892
23.3 0.549177 0.123638 0.1746 -0.176942 -0.121368
23.4 0.550298 0.124765 0.171434 -0.177677 -0.123815
23.5 0.551455 0.125889 0.16826 -0.178353 -0.126219
23.6 0.552612 0.127008 0.165071 -0.178908 -0.128533
23.7 0.553769 0.128127 0.161882 -0.179463 -0.130847
23.8 0.554926 0.129243 0.158686 -0.179962 -0.133119
23.9 0.556083 0.130354 0.155475 -0.180337 -0.135299
24 0.557306 0.131464 0.152264 -0.180712 -0.13748
24.1 0.55857 0.132573 0.149046 -0.181034 -0.13962
24.2 0.559835 0.133675 0.145812 -0.181229 -0.141667
24.3 0.561099 0.134777 0.142579 -0.181424 -0.143714
24.4 0.562364 0.135878 0.139339 -0.181568 -0.145723
24.5 0.563628 0.136972 0.136083 -0.181583 -0.147637
24.6 0.564952 0.138066 0.132827 -0.181598 -0.14955
24.7 0.566324 0.139158 0.129565 -0.181565 -0.151428
24.8 0.567696 0.140244 0.126287 -0.1814 -0.153208
24.9 0.569068 0.14133 0.123009 -0.181235 -0.154988
25 0.570441 0.142414 0.119725 -0.181025 -0.156734
25.1 0.571813 0.143492 0.116424 -0.18068 -0.15838
25.2 0.573237 0.14457 0.113124 -0.180335 -0.160027
25.3 0.574717 0.145646 0.109818 -0.179948 -0.161641
25.4 0.576197 0.146716 0.106495 -0.179423 -0.163154
25.5 0.577677 0.147786 0.103172 -0.178898 -0.164667
25.6 0.579157 0.148854 0.099844 -0.178333 -0.16615
25.7 0.580636 0.149915 0.096499 -0.177629 -0.16753
25.8 0.582175 0.150977 0.093153 -0.176924 -0.168909
25.9 0.583793 0.152036 0.089806 -0.176183 -0.170253
26 0.585412 0.153084 0.086453 -0.175305 -0.171458
26.1 0.58703 0.154131 0.0831 -0.174426 -0.172663
26.2 0.588649 0.155173 0.079756 -0.173519 -0.173805
26.3 0.590267 0.156186 0.076452 -0.172493 -0.174676
26.4 0.591982 0.157198 0.073147 -0.171466 -0.175548
26.5 0.593865 0.158204 0.069853 -0.170413 -0.176357
26.6 0.595748 0.15918 0.066604 -0.169241 -0.176876
26.7 0.597631 0.160155 0.063356 -0.168069 -0.177395
26.8 0.599514 0.161124 0.060116 -0.166874 -0.177857
26.9 0.601398 0.162061 0.056923 -0.165556 -0.178023
27 0.603365 0.162999 0.05373 -0.164239 -0.17819
27.1 0.605527 0.163931 0.050545 -0.1629 -0.178305
27.2 0.607689 0.164831 0.047407 -0.161437 -0.178119
27.3 0.60985 0.165731 0.04427 -0.159974 -0.177933
27.4 0.612012 0.166625 0.04114 -0.158492 -0.1777
27.5 0.614174 0.167488 0.038058 -0.156884 -0.177162
27.6 0.616403 0.16835 0.034976 -0.155276 -0.176623
27.7 0.618843 0.169208 0.0319 -0.15365 -0.176044
27.8 0.621283 0.170032 0.028874 -0.151897 -0.175153
27.9 0.623724 0.170857 0.025848 -0.150143 -0.174262
28 0.626164 0.171678 0.022827 -0.148375 -0.173335
28.1 0.628604 0.172464 0.019856 -0.146476 -0.172091
28.2 0.631095 0.173251 0.016885 -0.144577 -0.170848
28.3 0.633814 0.174035 0.013919 -0.142665 -0.169574
28.4 0.636533 0.174784 0.011004 -0.140621 -0.167978
28.5 0.639252 0.175534 0.008089 -0.138577 -0.166382
28.6 0.641971 0.17628 0.005178 -0.136522 -0.164761
28.7 0.644689 0.176992 0.002318 -0.134332 -0.162812
28.8 0.647442 0.177703 -0.000541 -0.132142 -0.160864
28.9 0.650439 0.178413 -0.003398 -0.129944 -0.158895
29 0.653437 0.179087 -0.006202 -0.127609 -0.156594
29.1 0.656434 0.179761 -0.009006 -0.125274 -0.154293
29.2 0.659432 0.180433 -0.011808 -0.122933 -0.151978
29.3 0.662429 0.181069 -0.014556 -0.120452 -0.149324
29.4 0.665443 0.181706 -0.017304 -0.117972 -0.14667
29.5 0.668719 0.182341 -0.020052 -0.115488 -0.144008
29.6 0.671995 0.18294 -0.022744 -0.112862 -0.141002
29.7 0.675271 0.183538 -0.025437 -0.110236 -0.137996
29.8 0.678547 0.184137 -0.028129 -0.107609 -0.134986
29.9 0.681823 0.184698 -0.030759 -0.104847 -0.131652
30 0.685099 0.185259 -0.033389 -0.102085 -0.128318
30.1 0.688612 0.185821 -0.036018 -0.099323 -0.124983
30.2 0.692125 0.186348 -0.038495 -0.096537 -0.121611
30.3 0.695638 0.186875 -0.04097 -0.093751 -0.118239
30.4 0.699151 0.187402 -0.043446 -0.090965 -0.114866
30.5 0.702664 0.187897 -0.045743 -0.088191 -0.111547
30.6 0.706178 0.188391 -0.048036 -0.085416 -0.108229
30.7 0.709874 0.188885 -0.050329 -0.082642 -0.104911
30.8 0.713582 0.189347 -0.052446 -0.079879 -0.101645
30.9 0.71729 0.189809 -0.054556 -0.077116 -0.098381
31 0.720999 0.19027 -0.056666 -0.074353 -0.095117
31.1 0.724707 0.190699 -0.058603 -0.071601 -0.091905
31.2 0.728415 0.191127 -0.060531 -0.06885 -0.088695
31.3 0.732295 0.191555 -0.062458 -0.066099 -0.085486
31.4 0.736198 0.191952 -0.064215 -0.063358 -0.082327
31.5 0.740101 0.192347 -0.06596 -0.060618 -0.079171
31.6 0.744005 0.192742 -0.067705 -0.057879 -0.076016
31.7 0.747908 0.193107 -0.069282 -0.05515 -0.07291
31.8 0.751811 0.193469 -0.070844 -0.052422 -0.069809
31.9 0.755874 0.193831 -0.072406 -0.049693 -0.066708
32 0.759973 0.194162 -0.073803 -0.046976 -0.063655
32.1 0.764072 0.194491 -0.075183 -0.044259 -0.060608
32.2 0.76817 0.19482 -0.076562 -0.041543 -0.057561
32.3 0.772269 0.19512 -0.077779 -0.038836 -0.054562
32.4 0.776367 0.195415 -0.078976 -0.036131 -0.051569
32.5 0.780613 0.195711 -0.080173 -0.033426 -0.048577
32.6 0.784907 0.195978 -0.08121 -0.030731 -0.045631
32.7 0.789201 0.196241 -0.082224 -0.028038 -0.042692
32.8 0.793494 0.196503 -0.083238 -0.025345 -0.039754
32.9 0.797788 0.196738 -0.084095 -0.022661 -0.036862
33 0.802082 0.196967 -0.084927 -0.019979 -0.033977
33.1 0.806511 0.197197 -0.085758 -0.017297 -0.031093
33.2 0.811 0.197399 -0.086435 -0.014625 -0.028254
33.3 0.815489 0.197595 -0.087084 -0.011955 -0.025424
33.4 0.819978 0.197792 -0.087732 -0.009284 -0.022594
33.5 0.824467 0.197961 -0.08823 -0.006624 -0.019808
33.6 0.828956 0.198124 -0.088696 -0.003965 -0.017032
33.7 0.833564 0.198288 -0.089162 -0.001306 -0.014256
33.8 0.838241 0.198425 -0.089479 0.001343 -0.011525
33.9 0.842917 0.198555 -0.089763 0.00399 -0.008803
34 0.847594 0.198686 -0.090046 0.006636 -0.006081
34.1 0.852271 0.198799 -0.090235 0.009206 -0.003443
34.2 0.856948 0.198907 -0.090399 0.011757 -0.000826
34.3 0.861694 0.199016 -0.090563 0.014307 0.001791
34.4 0.866493 0.199114 -0.090673 0.016731 0.004297
34.5 0.871291 0.19921 -0.090767 0.01912 0.006771
34.6 0.87609 0.199305 -0.090861 0.021509 0.009245
34.7 0.880888 0.199391 -0.090902 0.023774 0.011609
34.8 0.885687 0.199473 -0.090926 0.026001 0.01394
34.9 0.89054 0.199555 -0.09095 0.028228 0.016272
35 0.895444 0.199628 -0.090921 0.030333 0.018495
35.1 0.900348 0.199697 -0.090875 0.032399 0.020683
35.2 0.905252 0.199766 -0.090829 0.034464 0.022871
35.3 0.910156 0.199825 -0.090731 0.03641 0.024953
35.4 0.91506 0.199881 -0.090615 0.038313 0.026998
35.5 0.920012 0.199937 -0.090499 0.040217 0.029043
35.6 0.925022 0.199983 -0.090332 0.042004 0.030985
35.7 0.930031 0.200026 -0.090146 0.043746 0.032887
35.8 0.935041 0.200069 -0.08996 0.045488 0.034788
35.9 0.940051 0.200102 -0.089724 0.047115 0.036589
36 0.94506 0.200132 -0.089468 0.048695 0.038348
36.1 0.950112 0.200161 -0.089212 0.050275 0.040107
36.2 0.955227 0.200182 -0.088907 0.051743 0.041766
36.3 0.960342 0.200198 -0.088581 0.053162 0.043382
36.4 0.965457 0.200215 -0.088254 0.05458 0.044998
36.5 0.970572 0.200222 -0.08788 0.055889 0.046516
36.6 0.975687 0.200225 -0.087484 0.057146 0.047989
36.7 0.980838 0.200228 -0.087088 0.058403 0.049462
36.8 0.986059 0.200223 -0.086645 0.059552 0.05084
36.9 0.99128 0.200213 -0.086178 0.060647 0.052169
37 0.9965 0.200203 -0.085712 0.061742 0.053499
37.1 1.001721 0.200184 -0.0852 0.062732 0.054736
37.2 1.006942 0.200161 -0.084663 0.063666 0.055922
37.3 1.012192 0.200138 -0.084127 0.064599 0.057109
37.4 1.017518 0.200106 -0.083546 0.06543 0.058205
37.5 1.022844 0.20007 -0.082939 0.066202 0.059248
37.6 1.028171 0.200034 -0.082332 0.066973 0.060292
37.7 1.033497 0.199989 -0.081682 0.067645 0.061247
37.8 1.038824 0.19994 -0.081005 0.068255 0.062147
37.9 1.044169 0.19989 -0.080329 0.068865 0.063048
38 1.049584 0.199834 -0.079634 0.069403 0.063874
38.1 1.054999 0.199774 -0.078928 0.069893 0.064652
38.2 1.060414 0.199714 -0.078222 0.070384 0.06543
38.3 1.065829 0.199652 -0.077547 0.070855 0.06616
38.4 1.071244 0.199587 -0.076894 0.071312 0.066856
38.5 1.076667 0.199523 -0.076241 0.071769 0.067552
38.6 1.082136 0.199456 -0.07562 0.072209 0.068202
38.7 1.087605 0.199387 -0.075023 0.072636 0.068818
38.8 1.093074 0.199318 -0.074426 0.073063 0.069434
38.9 1.098543 0.199246 -0.07386 0.073472 0.070006
39 1.104012 0.199173 -0.073319 0.073869 0.070542
39.1 1.109485 0.199099 -0.072778 0.074265 0.071077
39.2 1.115007 0.199023 -0.072267 0.074645 0.07157
39.3 1.120529 0.198946 -0.071782 0.075011 0.072026
39.4 1.12605 0.198868 -0.071297 0.075376 0.072481
39.5 1.131572 0.198788 -0.070841 0.075726 0.072895
39.6 1.137094 0.198705 -0.070412 0.076062 0.073271
39.7 1.142617 0.198623 -0.069983 0.076397 0.073646
39.8 1.148192 0.198538 -0.069582 0.076717 0.073981
39.9 1.153766 0.198452 -0.069209 0.077022 0.074276
40 1.159341 0.198365 -0.068836 0.077327 0.074572
40.1 1.164915 0.198276 -0.06849 0.077617 0.074828
40.2 1.17049 0.198185 -0.068173 0.077891 0.075043
40.3 1.176064 0.198094 -0.067856 0.078166 0.075259
40.4 1.18169 0.198001 -0.067566 0.078425 0.075435
40.5 1.187317 0.197905 -0.067304 0.07867 0.075571
40.6 1.192944 0.197809 -0.067043 0.078914 0.075706
40.7 1.198572 0.197712 -0.066808 0.079143 0.075804
40.8 1.204199 0.197612 -0.066603 0.079357 0.075859
40.9 1.209826 0.197512 -0.066397 0.079571 0.075914
41 1.215501 0.19741 -0.066217 0.079771 0.075933
41.1 1.221182 0.197305 -0.066068 0.079954 0.075908
41.2 1.226862 0.197201 -0.065919 0.080137 0.075883
41.3 1.232542 0.197094 -0.065794 0.080307 0.075823
41.4 1.238222 0.196985 -0.0657 0.08046 0.075718
41.5 1.243902 0.196877 -0.065607 0.080612 0.075613
41.6 1.249623 0.196766 -0.065537 0.080752 0.075474
41.7 1.255352 0.196652 -0.0655 0.080875 0.075289
41.8 1.26108 0.196539 -0.065462 0.080997 0.075104
41.9 1.266809 0.196425 -0.065443 0.081109 0.074892
42 1.272537 0.196308 -0.065449 0.081204 0.074643
42.1 1.278266 0.196192 -0.065456 0.0813 0.074393
42.2 1.283923 0.196078 -0.065456 0.081394 0.07415
42.3 1.289562 0.195966 -0.065445 0.081483 0.073916
42.4 1.295201 0.195855 -0.065435 0.081573 0.073681
42.5 1.30084 0.195745 -0.065415 0.081662 0.073457
42.6 1.306478 0.19564 -0.065379 0.081748 0.07325
42.7 1.312117 0.195534 -0.065343 0.081835 0.073044
42.8 1.317641 0.195431 -0.065297 0.08192 0.072847
42.9 1.323123 0.195331 -0.065235 0.082003 0.072667
43 1.328604 0.195231 -0.065172 0.082087 0.072488
43.1 1.334086 0.195134 -0.065101 0.082169 0.072318
43.2 1.339567 0.19504 -0.065013 0.082249 0.072166
43.3 1.345049 0.194946 -0.064925 0.082329 0.072014
43.4 1.350426 0.194854 -0.064828 0.082408 0.071871
43.5 1.35575 0.194766 -0.064713 0.082486 0.071746
43.6 1.361074 0.194678 -0.064599 0.082563 0.071622
43.7 1.366398 0.194592 -0.064477 0.082639 0.071506
43.8 1.371722 0.19451 -0.064336 0.082713 0.071409
43.9 1.377046 0.194428 -0.064196 0.082786 0.071311
44 1.382275 0.194348 -0.064048 0.082859 0.071222
44.1 1.387442 0.194272 -0.063881 0.08293 0.071153
44.2 1.392609 0.194196 -0.063715 0.083001 0.071083
44.3 1.397776 0.194122 -0.063541 0.083071 0.071021
44.4 1.402943 0.194051 -0.063349 0.083138 0.070979
44.5 1.40811 0.193981 -0.063156 0.083206 0.070936
44.6 1.413191 0.193913 -0.062957 0.083273 0.070901
44.7 1.418201 0.193848 -0.062738 0.083337 0.070887
44.8 1.423211 0.193784 -0.06252 0.083402 0.070872
44.9 1.42822 0.193721 -0.062295 0.083465 0.070864
45 1.43323 0.193663 -0.062051 0.083527 0.070876
45.1 1.43824 0.193604 -0.061806 0.083588 0.070889
45.2 1.443173 0.193548 -0.061555 0.083649 0.070908
45.3 1.448026 0.193495 -0.061285 0.083707 0.070948
45.4 1.452878 0.193443 -0.061014 0.083765 0.070988
45.5 1.457731 0.193391 -0.060738 0.083822 0.071034
45.6 1.462583 0.193345 -0.060442 0.083877 0.071101
45.7 1.467436 0.193298 -0.060145 0.083932 0.071169
45.8 1.472223 0.193253 -0.059844 0.083987 0.071242
45.9 1.476922 0.193212 -0.059523 0.084039 0.071335
46 1.481621 0.193171 -0.059202 0.08409 0.071429
46.1 1.486319 0.193132 -0.058883 0.084141 0.071523
46.2 1.491018 0.193096 -0.058569 0.084189 0.07162
46.3 1.495717 0.19306 -0.058255 0.084237 0.071717
46.4 1.500365 0.193025 -0.057945 0.084284 0.071813
46.5 1.504924 0.192994 -0.057651 0.084327 0.071905
46.6 1.509484 0.192962 -0.057356 0.084371 0.071996
46.7 1.514043 0.192932 -0.057065 0.084413 0.072087
46.8 1.518602 0.192905 -0.05679 0.084452 0.072173
46.9 1.523161 0.192878 -0.056515 0.084491 0.072259
47 1.527679 0.192852 -0.056242 0.08453 0.072345
47.1 1.5321 0.192829 -0.055987 0.084564 0.072425
47.2 1.536521 0.192807 -0.055731 0.084599 0.072506
47.3 1.540943 0.192785 -0.055478 0.084633 0.072586
47.4 1.545364 0.192768 -0.055241 0.084663 0.072661
47.5 1.549785 0.19275 -0.055005 0.084693 0.072737
47.6 1.554173 0.192733 -0.054771 0.084723 0.072811
47.7 1.558457 0.192719 -0.054553 0.084749 0.072881
47.8 1.56274 0.192706 -0.054336 0.084775 0.072951
47.9 1.567023 0.192693 -0.054121 0.0848 0.073021
48 1.571307 0.192684 -0.053923 0.084821 0.073085
48.1 1.57559 0.192675 -0.053726 0.084843 0.07315
48.2 1.579848 0.192667 -0.05353 0.084864 0.073214
48.3 1.583994 0.192663 -0.053351 0.084881 0.073273
48.4 1.588139 0.192658 -0.053173 0.084898 0.073332
48.5 1.592284 0.192654 -0.052996 0.084915 0.07339
48.6 1.59643 0.192655 -0.052836 0.084927 0.073444
48.7 1.600575 0.192655 -0.052677 0.08494 0.073498
48.8 1.604704 0.192655 -0.052519 0.084952 0.073551
48.9 1.608711 0.19266 -0.05238 0.08496 0.073599
49 1.612719 0.192665 -0.05224 0.084969 0.073647
49.1 1.616726 0.19267 -0.052101 0.084977 0.073695
49.2 1.620733 0.192679 -0.05198 0.084981 0.073738
49.3 1.624741 0.192688 -0.05186 0.084984 0.073781
49.4 1.62874 0.192698 -0.05174 0.084988 0.073823
49.5 1.632609 0.192711 -0.051639 0.084988 0.073861
49.6 1.636479 0.192725 -0.051537 0.084987 0.073898
49.7 1.640348 0.192739 -0.051437 0.084986 0.073935
49.8 1.644218 0.192757 -0.051355 0.084981 0.073967
49.9 1.648087 0.192775 -0.051273 0.084977 0.073999
50 1.651957 0.192794 -0.051191 0.084972 0.074031
