phase mean FPC1 FPC2 FPC3 FPC4
-10 0.704279 -0.032577 -0.202762 -0.601798 -0.142402
-9.9 0.69619 -0.032139 -0.201744 -0.593728 -0.141312
-9.8 0.6881 -0.0317 -0.200726 -0.585659 -0.140222
-9.7 0.68001 -0.03126 -0.199619 -0.577511 -0.139011
-9.6 0.67192 -0.030819 -0.198418 -0.56928 -0.137673
-9.5 0.66383 -0.030378 -0.197218 -0.561049 -0.136335
-9.4 0.655137 -0.029934 -0.19584 -0.552661 -0.134754
-9.3 0.646412 -0.029489 -0.194458 -0.544269 -0.133168
-9.2 0.637688 -0.029044 -0.192991 -0.535803 -0.131467
-9.1 0.628963 -0.028597 -0.191427 -0.527249 -0.129633
-9 0.620239 -0.02815 -0.189863 -0.518696 -0.127799
-8.9 0.610943 -0.0277 -0.188125 -0.509989 -0.125729
-8.8 0.601584 -0.02725 -0.186379 -0.501275 -0.123647
-8.7 0.592225 -0.026799 -0.184553 -0.49249 -0.121456
-8.6 0.582865 -0.026346 -0.182625 -0.483614 -0.119125
-8.5 0.573506 -0.025893 -0.180696 -0.474737 -0.116795
-8.4 0.563608 -0.025437 -0.178599 -0.465712 -0.114235
-8.3 0.553614 -0.024982 -0.176489 -0.456675 -0.111657
-8.2 0.54362 -0.024525 -0.174304 -0.447571 -0.108976
-8.1 0.533626 -0.024066 -0.172011 -0.438372 -0.10615
-8 0.523632 -0.023608 -0.169718 -0.429174 -0.103323
-7.9 0.513132 -0.023146 -0.167262 -0.41983 -0.100274
-7.8 0.502503 -0.022685 -0.164788 -0.41047 -0.097199
-7.7 0.491874 -0.022222 -0.162243 -0.401048 -0.094029
-7.6 0.481246 -0.021758 -0.159586 -0.391526 -0.090706
-7.5 0.470617 -0.021294 -0.15693 -0.382005 -0.087384
-7.4 0.459514 -0.020827 -0.154114 -0.372342 -0.083844
-7.3 0.448251 -0.020359 -0.151275 -0.36266 -0.080274
-7.2 0.436987 -0.019891 -0.148371 -0.352919 -0.076613
-7.1 0.425724 -0.019421 -0.14535 -0.343075 -0.072795
-7 0.41446 -0.018951 -0.142329 -0.333231 -0.068976
-6.9 0.402755 -0.018478 -0.139154 -0.32325 -0.064947
-6.8 0.390857 -0.018005 -0.135952 -0.313244 -0.06088
-6.7 0.378959 -0.017531 -0.132688 -0.303185 -0.05673
-6.6 0.367061 -0.017056 -0.129303 -0.293018 -0.052415
-6.5 0.355163 -0.01658 -0.125918 -0.282851 -0.0481
-6.4 0.343367 -0.016106 -0.122458 -0.27272 -0.043745
-6.3 0.331628 -0.015634 -0.118982 -0.262596 -0.039381
-6.2 0.319889 -0.015166 -0.115537 -0.25262 -0.035132
-6.1 0.308151 -0.014709 -0.112161 -0.242971 -0.031137
-6 0.296412 -0.014252 -0.108785 -0.233321 -0.027142
-5.9 0.285385 -0.013808 -0.105495 -0.224064 -0.023457
-5.8 0.274842 -0.013368 -0.102226 -0.214906 -0.019849
-5.7 0.264298 -0.012932 -0.098989 -0.205889 -0.016352
-5.6 0.253754 -0.012507 -0.095828 -0.197222 -0.013131
-5.5 0.243211 -0.012083 -0.092668 -0.188556 -0.009909
-5.4 0.233323 -0.011672 -0.08959 -0.180269 -0.006988
-5.3 0.223982 -0.011264 -0.086538 -0.172095 -0.004153
-5.2 0.214641 -0.01086 -0.083513 -0.164048 -0.00142
-5.1 0.205299 -0.010468 -0.080568 -0.156365 0.001028
-5 0.195958 -0.010077 -0.077623 -0.148681 0.003476
-4.9 0.187212 -0.009698 -0.074758 -0.141366 0.005634
-4.8 0.179073 -0.009322 -0.071921 -0.134175 0.007695
-4.7 0.170933 -0.008951 -0.069109 -0.127099 0.009665
-4.6 0.162794 -0.008592 -0.06638 -0.120399 0.011339
-4.5 0.154655 -0.008233 -0.06365 -0.113699 0.013013
-4.4 0.147051 -0.007886 -0.060999 -0.107354 0.014408
-4.3 0.140115 -0.007544 -0.058377 -0.101146 0.015695
-4.2 0.133179 -0.007205 -0.055778 -0.095041 0.016901
-4.1 0.126243 -0.006878 -0.053264 -0.089324 0.017802
-4 0.119308 -0.006552 -0.05075 -0.083607 0.018703
-3.9 0.112845 -0.006237 -0.048311 -0.078234 0.019334
-3.8 0.107112 -0.005928 -0.045905 -0.073008 0.019848
-3.7 0.101378 -0.005621 -0.043519 -0.067875 0.02029
-3.6 0.095644 -0.005327 -0.04122 -0.063141 0.020418
-3.5 0.089911 -0.005034 -0.038922 -0.058407 0.020545
-3.4 0.08459 -0.004751 -0.036696 -0.054005 0.020412
-3.3 0.080059 -0.004474 -0.034505 -0.049762 0.020153
-3.2 0.075527 -0.004199 -0.032332 -0.045599 0.019831
-3.1 0.070996 -0.003939 -0.030249 -0.041849 0.019185
-3 0.066464 -0.003678 -0.028166 -0.038098 0.018539
-2.9 0.062225 -0.003428 -0.02616 -0.034646 0.017692
-2.8 0.05869 -0.003184 -0.024196 -0.031356 0.016736
-2.7 0.055155 -0.002944 -0.022255 -0.02811 0.015782
-2.6 0.05162 -0.002721 -0.020459 -0.025143 0.014849
-2.5 0.048085 -0.002498 -0.018663 -0.022175 0.013916
-2.4 0.044707 -0.002289 -0.016975 -0.019398 0.013024
-2.3 0.041822 -0.002088 -0.015354 -0.016736 0.012157
-2.2 0.038937 -0.001889 -0.013751 -0.014108 0.011298
-2.1 0.036052 -0.001709 -0.012304 -0.011751 0.010499
-2 0.033167 -0.00153 -0.010857 -0.009394 0.0097
-1.9 0.030406 -0.001363 -0.009514 -0.007219 0.00894
-1.8 0.028165 -0.001205 -0.008241 -0.005167 0.008208
-1.7 0.025923 -0.001048 -0.006983 -0.003141 0.007481
-1.6 0.023682 -0.000912 -0.005885 -0.001395 0.006815
-1.5 0.021441 -0.000775 -0.004786 0.000352 0.00615
-1.4 0.01929 -0.000651 -0.003788 0.001924 0.005523
-1.3 0.017693 -0.000535 -0.002863 0.003366 0.004924
-1.2 0.016095 -0.000422 -0.00195 0.00479 0.004329
-1.1 0.014498 -0.000328 -0.0012 0.005926 0.003798
-1 0.0129 -0.000234 -0.00045 0.007063 0.003266
-0.9 0.011361 -0.000152 0.000204 0.008033 0.002771
-0.8 0.010408 -8e-05 0.000779 0.008865 0.002306
-0.7 0.009454 -9e-06 0.001348 0.009686 0.001844
-0.6 0.0085 4.2e-05 0.001749 0.010212 0.001446
-0.5 0.007546 9.3e-05 0.00215 0.010739 0.001049
-0.4 0.006619 0.000132 0.00246 0.011106 0.000686
-0.3 0.006309 0.000162 0.002687 0.011328 0.000355
-0.2 0.005999 0.000191 0.002911 0.011546 2.5e-05
-0.1 0.005689 0.000198 0.002964 0.011463 -0.000239
0 0.005379 0.000206 0.003016 0.011379 -0.000503
0.1 0.005069 0.000203 0.002981 0.011144 -0.000733
0.2 0.005396 0.000189 0.002859 0.010755 -0.00093
0.3 0.005729 0.000176 0.002737 0.010367 -0.001127
0.4 0.006063 0.000141 0.002443 0.009678 -0.001258
0.5 0.006397 0.000106 0.002146 0.008984 -0.001388
0.6 0.006731 6e-05 0.001769 0.008161 -0.00148
0.7 0.007669 3e-06 0.001302 0.007193 -0.001531
0.8 0.008646 -5.4e-05 0.000835 0.006225 -0.001582
0.9 0.009623 -0.000137 0.000245 0.005315 -0.00143
1 0.0106 -0.00022 -0.000351 0.004407 -0.001269
1.1 0.011577 -0.000316 -0.000998 0.00357 -0.000997
1.2 0.013126 -0.000427 -0.001709 0.002819 -0.000587
1.3 0.014746 -0.000539 -0.00242 0.002069 -0.000177
1.4 0.016366 -0.000676 -0.003239 0.001465 0.000466
1.5 0.017986 -0.000815 -0.004066 0.000872 0.001126
1.6 0.019606 -0.000965 -0.004942 0.000345 0.001891
1.7 0.021765 -0.001132 -0.005885 -9.1e-05 0.0028
1.8 0.024028 -0.001299 -0.006828 -0.000527 0.003709
1.9 0.02629 -0.001491 -0.007876 -0.00082 0.004845
2 0.028553 -0.001685 -0.008934 -0.001099 0.006004
2.1 0.030815 -0.00189 -0.010039 -0.001316 0.007261
2.2 0.033584 -0.002112 -0.011214 -0.001438 0.00867
2.3 0.036489 -0.002335 -0.012388 -0.001559 0.010078
2.4 0.039394 -0.002581 -0.013665 -0.001542 0.011707
2.5 0.042299 -0.002831 -0.014956 -0.001506 0.013365
2.6 0.045204 -0.003091 -0.016289 -0.001412 0.015116
2.7 0.048583 -0.003369 -0.017695 -0.00122 0.017023
2.8 0.052131 -0.003646 -0.019102 -0.001027 0.018931
2.9 0.055678 -0.003947 -0.020608 -0.000699 0.021053
3 0.059225 -0.004253 -0.02213 -0.000349 0.02321
3.1 0.062773 -0.004567 -0.023692 5.5e-05 0.025453
3.2 0.066762 -0.0049 -0.02533 0.000563 0.02786
3.3 0.070952 -0.005233 -0.026968 0.00107 0.030267
3.4 0.075141 -0.005589 -0.028703 0.001708 0.032882
3.5 0.079331 -0.00595 -0.030457 0.002372 0.035538
3.6 0.083521 -0.00632 -0.032248 0.003087 0.038274
3.7 0.08812 -0.006708 -0.034118 0.003909 0.04118
3.8 0.092952 -0.007096 -0.035987 0.00473 0.044086
3.9 0.097785 -0.007507 -0.037951 0.005679 0.047194
4 0.102617 -0.007923 -0.039937 0.006658 0.050349
4.1 0.107449 -0.008347 -0.041956 0.007682 0.053578
4.2 0.112592 -0.008791 -0.044056 0.008814 0.056981
4.3 0.117953 -0.009235 -0.046156 0.009945 0.060384
4.4 0.123314 -0.009696 -0.048294 0.011041 0.06392
4.5 0.128675 -0.010162 -0.050441 0.012127 0.067491
4.6 0.134036 -0.010633 -0.05259 0.013168 0.071095
4.7 0.139514 -0.011119 -0.054745 0.014088 0.074787
4.8 0.145093 -0.011605 -0.0569 0.015008 0.078479
4.9 0.150672 -0.012105 -0.05906 0.015803 0.082263
5 0.156251 -0.01261 -0.061222 0.016558 0.086076
5.1 0.16183 -0.01312 -0.063385 0.017273 0.089918
5.2 0.167505 -0.013645 -0.065554 0.017863 0.093851
5.3 0.173283 -0.01417 -0.067723 0.018452 0.097784
5.4 0.179061 -0.014709 -0.069897 0.018921 0.101806
5.5 0.184839 -0.015253 -0.072074 0.019345 0.10586
5.6 0.190617 -0.015801 -0.074251 0.019733 0.10994
5.7 0.196481 -0.016365 -0.076435 0.019992 0.114115
5.8 0.202458 -0.016928 -0.078618 0.020252 0.118289
5.9 0.208435 -0.017506 -0.080807 0.020394 0.122549
6 0.214412 -0.018089 -0.082997 0.020488 0.126844
6.1 0.220389 -0.018676 -0.085189 0.020549 0.131162
6.2 0.226442 -0.019278 -0.087387 0.020478 0.135578
6.3 0.232618 -0.019881 -0.089585 0.020406 0.139993
6.4 0.238794 -0.020497 -0.091788 0.020222 0.144491
6.5 0.24497 -0.021119 -0.093993 0.019985 0.149027
6.6 0.251146 -0.021744 -0.096199 0.01972 0.153584
6.7 0.257389 -0.022386 -0.098411 0.019318 0.15824
6.8 0.263764 -0.023027 -0.100623 0.018916 0.162897
6.9 0.270139 -0.023682 -0.10284 0.018405 0.167633
7 0.276515 -0.024343 -0.10506 0.017838 0.17241
7.1 0.28289 -0.025006 -0.10728 0.017247 0.177205
7.2 0.289321 -0.025687 -0.109507 0.016514 0.182103
7.3 0.295896 -0.026367 -0.111733 0.015781 0.187
7.4 0.30247 -0.02706 -0.113964 0.014944 0.191974
7.5 0.309044 -0.02776 -0.116198 0.014046 0.196993
7.6 0.315619 -0.028463 -0.118433 0.013128 0.202026
7.7 0.322231 -0.029182 -0.120674 0.012065 0.207164
7.8 0.328969 -0.029902 -0.122914 0.011002 0.212303
7.9 0.335707 -0.030627 -0.125158 0.00993 0.217343
8 0.342445 -0.031357 -0.127403 0.008853 0.222319
8.1 0.349184 -0.032087 -0.129648 0.007793 0.227246
8.2 0.355929 -0.032815 -0.131894 0.006896 0.231698
8.3 0.362708 -0.033543 -0.134139 0.005998 0.23615
8.4 0.369486 -0.03427 -0.136384 0.005207 0.240294
8.5 0.376265 -0.034997 -0.13863 0.004491 0.244217
8.6 0.383043 -0.035723 -0.140876 0.003788 0.248104
8.7 0.389826 -0.036448 -0.143121 0.003255 0.251498
8.8 0.396634 -0.037173 -0.145367 0.002722 0.254892
8.9 0.403442 -0.037896 -0.147613 0.00229 0.257992
9 0.41025 -0.03862 -0.149859 0.001939 0.260857
9.1 0.417057 -0.039343 -0.152105 0.001595 0.263699
9.2 0.423868 -0.040064 -0.154352 0.001426 0.266036
9.3 0.430705 -0.040785 -0.156598 0.001257 0.268372
9.4 0.437543 -0.041506 -0.158844 0.001185 0.270427
9.5 0.44438 -0.042226 -0.161091 0.001198 0.272235
9.6 0.451218 -0.042945 -0.163337 0.001214 0.274032
9.7 0.458056 -0.043663 -0.165584 0.001409 0.275311
9.8 0.464923 -0.044381 -0.16783 0.001604 0.27659
9.9 0.47179 -0.045098 -0.170077 0.001891 0.2776
10 0.478657 -0.045815 -0.172324 0.002269 0.27835
10.1 0.485523 -0.046531 -0.174571 0.002646 0.2791
10.2 0.49239 -0.047246 -0.176818 0.003204 0.279324
10.3 0.499286 -0.04796 -0.179065 0.003763 0.279545
10.4 0.506182 -0.048674 -0.181313 0.00441 0.279511
10.5 0.513079 -0.049387 -0.18356 0.005151 0.279203
10.6 0.519975 -0.0501 -0.185807 0.005892 0.278895
10.7 0.526871 -0.050811 -0.188055 0.00681 0.278074
10.8 0.533795 -0.051522 -0.190302 0.007733 0.277237
10.9 0.540721 -0.052233 -0.19255 0.00874 0.276159
11 0.547647 -0.052942 -0.194798 0.009845 0.274793
11.1 0.554572 -0.053652 -0.197046 0.010951 0.273428
11.2 0.561498 -0.05436 -0.199294 0.012228 0.271562
11.3 0.568389 -0.055068 -0.201542 0.013515 0.269668
11.4 0.575274 -0.055779 -0.203775 0.014866 0.267571
11.5 0.58216 -0.056496 -0.205987 0.0163 0.265208
11.6 0.589046 -0.057213 -0.2082 0.017734 0.262845
11.7 0.595932 -0.057964 -0.210292 0.019213 0.260199
11.8 0.602523 -0.058718 -0.212374 0.020697 0.25753
11.9 0.609052 -0.059488 -0.214401 0.022199 0.254739
12 0.615582 -0.060281 -0.216345 0.023727 0.251773
12.1 0.622112 -0.061074 -0.21829 0.025254 0.248807
12.2 0.628642 -0.061902 -0.220113 0.026821 0.245575
12.3 0.634864 -0.062734 -0.221921 0.028393 0.242313
12.4 0.640998 -0.063581 -0.223677 0.029981 0.238937
12.5 0.647132 -0.064453 -0.225348 0.031597 0.235379
12.6 0.653266 -0.065324 -0.227019 0.033212 0.23182
12.7 0.6594 -0.06623 -0.228571 0.034866 0.228003
12.8 0.665247 -0.06714 -0.230105 0.036525 0.224148
12.9 0.670986 -0.068065 -0.231591 0.0382 0.220188
13 0.676725 -0.069014 -0.232988 0.039904 0.216036
13.1 0.682464 -0.069964 -0.234385 0.041607 0.211885
13.2 0.688203 -0.070947 -0.235667 0.043347 0.207483
13.3 0.693674 -0.071935 -0.236927 0.045095 0.203036
13.4 0.699018 -0.072937 -0.238142 0.046856 0.19849
13.5 0.704362 -0.073965 -0.239265 0.048647 0.193746
13.6 0.709705 -0.074993 -0.240388 0.050438 0.189002
13.7 0.715049 -0.076053 -0.2414 0.052265 0.184015
13.8 0.720145 -0.07712 -0.242386 0.0541 0.178975
13.9 0.725093 -0.078199 -0.243331 0.055949 0.173844
14 0.730042 -0.079305 -0.24418 0.057828 0.168507
14.1 0.73499 -0.080411 -0.245029 0.059706 0.163171
14.2 0.739939 -0.081548 -0.24577 0.06162 0.157599
14.3 0.744659 -0.082694 -0.246483 0.063543 0.151966
14.4 0.749213 -0.08385 -0.247157 0.065478 0.14625
14.5 0.753766 -0.085034 -0.247732 0.067445 0.140321
14.6 0.758319 -0.086219 -0.248308 0.069411 0.134392
14.7 0.762872 -0.087433 -0.248778 0.071412 0.128235
14.8 0.767239 -0.088657 -0.249217 0.073422 0.122009
14.9 0.771437 -0.089889 -0.249619 0.075438 0.11572
15 0.775634 -0.091145 -0.249916 0.077471 0.109245
15.1 0.779832 -0.092402 -0.250213 0.079503 0.10277
15.2 0.78403 -0.093657 -0.250383 0.081454 0.096317
15.3 0.788172 -0.094911 -0.250509 0.083376 0.089872
15.4 0.792251 -0.096163 -0.250594 0.085269 0.083445
15.5 0.796331 -0.097409 -0.250544 0.087059 0.077076
15.6 0.80041 -0.098654 -0.250495 0.08885 0.070708
15.7 0.80449 -0.099893 -0.250319 0.090546 0.064395
15.8 0.808536 -0.10113 -0.250094 0.092205 0.058103
15.9 0.812537 -0.102366 -0.249832 0.093837 0.051828
16 0.816538 -0.103594 -0.249431 0.095364 0.045613
16.1 0.82054 -0.104822 -0.24903 0.096891 0.039398
16.2 0.824541 -0.106045 -0.248508 0.098327 0.033237
16.3 0.828513 -0.107265 -0.247931 0.099723 0.027099
16.4 0.832435 -0.108483 -0.247323 0.101094 0.020975
16.5 0.836358 -0.109694 -0.246571 0.102358 0.014913
16.6 0.840281 -0.110905 -0.245819 0.103621 0.008852
16.7 0.844204 -0.112111 -0.24495 0.104797 0.002842
16.8 0.848101 -0.113313 -0.244022 0.105928 -0.003142
16.9 0.851945 -0.114515 -0.243067 0.10704 -0.009115
17 0.85579 -0.115709 -0.241964 0.10804 -0.015022
17.1 0.859634 -0.116903 -0.24086 0.10904 -0.02093
17.2 0.863478 -0.118092 -0.239644 0.109955 -0.026788
17.3 0.867301 -0.119277 -0.238365 0.110823 -0.032619
17.4 0.871067 -0.120461 -0.237063 0.111674 -0.03844
17.5 0.874833 -0.121638 -0.235609 0.11241 -0.044194
17.6 0.878599 -0.122815 -0.234154 0.113147 -0.049948
17.7 0.882365 -0.123987 -0.232591 0.113802 -0.055655
17.8 0.886114 -0.125155 -0.230961 0.114406 -0.061332
17.9 0.889801 -0.126323 -0.229313 0.114997 -0.067002
18 0.893489 -0.127483 -0.227507 0.11547 -0.072602
18.1 0.897176 -0.128642 -0.225701 0.115942 -0.078203
18.2 0.900864 -0.129797 -0.223791 0.116337 -0.083758
18.3 0.90454 -0.130948 -0.22181 0.116678 -0.089282
18.4 0.908159 -0.132099 -0.219815 0.117009 -0.094798
18.5 0.911779 -0.133242 -0.217665 0.117221 -0.100232
18.6 0.915398 -0.134385 -0.215515 0.117434 -0.105665
18.7 0.919018 -0.135528 -0.213328 0.117605 -0.110927
18.8 0.922639 -0.13667 -0.211113 0.117743 -0.116057
18.9 0.926274 -0.137812 -0.208897 0.117879 -0.121167
19 0.929909 -0.138956 -0.206656 0.117964 -0.125916
19.1 0.933544 -0.140099 -0.204415 0.118049 -0.130665
19.2 0.937178 -0.141244 -0.202161 0.118105 -0.135207
19.3 0.940816 -0.142389 -0.199894 0.118136 -0.139574
19.4 0.944484 -0.143534 -0.197627 0.118166 -0.14393
19.5 0.948153 -0.144681 -0.195335 0.118144 -0.147916
19.6 0.951821 -0.145828 -0.193042 0.118121 -0.151902
19.7 0.95549 -0.146975 -0.190737 0.118071 -0.15569
19.8 0.959159 -0.148124 -0.188418 0.117995 -0.159294
19.9 0.962861 -0.149272 -0.1861 0.117918 -0.162896
20 0.966563 -0.150422 -0.183756 0.117788 -0.166118
20.1 0.970266 -0.151572 -0.181412 0.117658 -0.169341
20.2 0.973968 -0.152723 -0.179055 0.117502 -0.172375
20.3 0.97767 -0.153875 -0.176686 0.117319 -0.175216
20.4 0.981405 -0.155026 -0.174316 0.117135 -0.178057
20.5 0.985141 -0.156179 -0.171921 0.116899 -0.180524
20.6 0.988877 -0.157332 -0.169525 0.116661 -0.182983
20.7 0.992613 -0.158486 -0.167117 0.116399 -0.185263
20.8 0.996349 -0.159641 -0.164696 0.116108 -0.187341
20.9 1.000116 -0.160796 -0.162274 0.115817 -0.189418
21 1.003885 -0.161952 -0.159828 0.115474 -0.191131
21.1 1.007655 -0.163108 -0.157381 0.11513 -0.192827
21.2 1.011424 -0.164265 -0.154922 0.114761 -0.194354
21.3 1.015194 -0.165423 -0.152449 0.114363 -0.195668
21.4 1.018993 -0.166581 -0.149975 0.113964 -0.196983
21.5 1.022796 -0.16774 -0.147478 0.113516 -0.197942
21.6 1.0266 -0.1689 -0.144979 0.113063 -0.198874
21.7 1.030403 -0.17006 -0.142469 0.112589 -0.199648
21.8 1.034206 -0.171221 -0.139945 0.112083 -0.200199
21.9 1.038034 -0.172382 -0.13742 0.111577 -0.200749
22 1.041868 -0.173544 -0.134871 0.111022 -0.200957
22.1 1.045702 -0.174707 -0.13232 0.110461 -0.201128
22.2 1.049535 -0.175862 -0.129745 0.109859 -0.201214
22.3 1.053369 -0.177004 -0.127132 0.10919 -0.201167
22.4 1.057197 -0.178147 -0.12452 0.108522 -0.20112
22.5 1.061024 -0.179259 -0.121829 0.107722 -0.200992
22.6 1.06485 -0.180366 -0.119127 0.106904 -0.200854
22.7 1.068676 -0.18146 -0.116393 0.106032 -0.200681
22.8 1.072503 -0.182531 -0.113603 0.105064 -0.20045
22.9 1.076316 -0.183602 -0.110812 0.104097 -0.200219
23 1.080125 -0.184643 -0.107946 0.103001 -0.19991
23.1 1.083933 -0.185678 -0.105066 0.101884 -0.199587
23.2 1.087742 -0.186702 -0.102156 0.100716 -0.199233
23.3 1.09155 -0.187701 -0.099188 0.099449 -0.198819
23.4 1.095347 -0.188701 -0.09622 0.098182 -0.198404
23.5 1.099137 -0.189671 -0.093178 0.096791 -0.197913
23.6 1.102928 -0.190635 -0.09012 0.095375 -0.197406
23.7 1.106719 -0.191587 -0.087035 0.093911 -0.196871
23.8 1.110509 -0.192515 -0.083889 0.092345 -0.196272
23.9 1.114289 -0.193444 -0.080742 0.090779 -0.195674
24 1.118061 -0.194343 -0.077525 0.089092 -0.195001
24.1 1.121834 -0.195235 -0.074289 0.087377 -0.194311
24.2 1.125606 -0.196117 -0.071028 0.085617 -0.193594
24.3 1.129379 -0.196973 -0.067704 0.083752 -0.192811
24.4 1.133141 -0.19783 -0.06438 0.081886 -0.192029
24.5 1.136896 -0.198659 -0.060986 0.079904 -0.191175
24.6 1.140651 -0.199479 -0.057573 0.077889 -0.190301
24.7 1.144405 -0.20029 -0.054136 0.075835 -0.189402
24.8 1.14816 -0.201075 -0.050634 0.07367 -0.188436
24.9 1.151905 -0.20186 -0.047132 0.071505 -0.187469
25 1.155642 -0.202618 -0.043563 0.069228 -0.186434
25.1 1.159379 -0.203367 -0.039972 0.066913 -0.185376
25.2 1.163116 -0.204108 -0.03636 0.064563 -0.184295
25.3 1.166852 -0.204821 -0.03268 0.062099 -0.183145
25.4 1.170581 -0.205534 -0.029 0.059635 -0.181995
25.5 1.174301 -0.206221 -0.025255 0.057062 -0.180778
25.6 1.178021 -0.206899 -0.021486 0.054448 -0.179536
25.7 1.181741 -0.20757 -0.017715 0.051823 -0.178262
25.8 1.185461 -0.208216 -0.013937 0.049159 -0.176869
25.9 1.189183 -0.208863 -0.010158 0.046494 -0.175476
26 1.192906 -0.209493 -0.006467 0.043909 -0.173909
26.1 1.19663 -0.210116 -0.002812 0.041358 -0.172267
26.2 1.200354 -0.210735 0.000819 0.038829 -0.170577
26.3 1.204077 -0.211336 0.004348 0.036395 -0.168685
26.4 1.207805 -0.211937 0.007877 0.033961 -0.166793
26.5 1.21154 -0.212522 0.011321 0.031606 -0.16473
26.6 1.215274 -0.2131 0.014724 0.029289 -0.162587
26.7 1.219009 -0.213674 0.018106 0.026991 -0.160402
26.8 1.222744 -0.214228 0.021383 0.024791 -0.158007
26.9 1.226482 -0.214783 0.02466 0.022591 -0.155613
27 1.230228 -0.215323 0.027854 0.020467 -0.153055
27.1 1.233973 -0.215855 0.031005 0.018384 -0.15041
27.2 1.237719 -0.216384 0.034138 0.016317 -0.14773
27.3 1.241465 -0.216893 0.037163 0.014351 -0.144833
27.4 1.245214 -0.217403 0.040188 0.012385 -0.141937
27.5 1.24897 -0.217898 0.043133 0.010492 -0.138884
27.6 1.252727 -0.218384 0.046032 0.008643 -0.135737
27.7 1.256484 -0.218868 0.048916 0.006808 -0.132561
27.8 1.260241 -0.219331 0.051689 0.005076 -0.129163
27.9 1.264 -0.219795 0.054461 0.003343 -0.125765
28 1.267768 -0.220244 0.057158 0.001682 -0.122215
28.1 1.271536 -0.220685 0.059805 6.7e-05 -0.118566
28.2 1.275304 -0.221124 0.06244 -0.001538 -0.114895
28.3 1.279072 -0.221541 0.06496 -0.003036 -0.110995
28.4 1.282842 -0.221959 0.067481 -0.004534 -0.107095
28.5 1.286621 -0.222364 0.069928 -0.005964 -0.103051
28.6 1.2904 -0.222759 0.072323 -0.007345 -0.0989
28.7 1.294179 -0.223152 0.074709 -0.008719 -0.094733
28.8 1.297958 -0.223524 0.076977 -0.009983 -0.090331
28.9 1.301739 -0.223896 0.079246 -0.011247 -0.08593
29 1.305537 -0.224256 0.081444 -0.012446 -0.081389
29.1 1.309335 -0.224605 0.083587 -0.013593 -0.076737
29.2 1.313133 -0.224953 0.085724 -0.014736 -0.072077
29.3 1.316932 -0.225277 0.08775 -0.01579 -0.067242
29.4 1.320745 -0.225602 0.089775 -0.016843 -0.062407
29.5 1.324796 -0.225908 0.091756 -0.017889 -0.0576
29.6 1.328847 -0.226199 0.093697 -0.018928 -0.052819
29.7 1.332898 -0.22649 0.095637 -0.019967 -0.048039
29.8 1.336949 -0.226747 0.097497 -0.021 -0.043333
29.9 1.341004 -0.227004 0.099356 -0.022033 -0.038627
30 1.345415 -0.227244 0.101174 -0.023062 -0.033958
30.1 1.349827 -0.227468 0.102952 -0.024088 -0.029327
30.2 1.354238 -0.227691 0.10473 -0.025114 -0.024697
30.3 1.35865 -0.227881 0.106427 -0.026134 -0.02014
30.4 1.363061 -0.228071 0.108123 -0.027153 -0.015585
30.5 1.367819 -0.228244 0.10978 -0.02817 -0.011065
30.6 1.372591 -0.2284 0.111395 -0.029183 -0.006585
30.7 1.377363 -0.228556 0.113009 -0.030196 -0.002105
30.8 1.382135 -0.228679 0.114545 -0.031202 0.002303
30.9 1.386907 -0.228801 0.116078 -0.032209 0.006708
31 1.392007 -0.228908 0.117574 -0.033212 0.011078
31.1 1.39714 -0.228996 0.119026 -0.034212 0.015408
31.2 1.402273 -0.229085 0.120477 -0.035212 0.019738
31.3 1.407406 -0.229141 0.121852 -0.036205 0.023997
31.4 1.412538 -0.229195 0.123221 -0.037199 0.028251
31.5 1.417981 -0.229235 0.124556 -0.038189 0.032473
31.6 1.423474 -0.229256 0.125844 -0.039176 0.036652
31.7 1.428967 -0.229277 0.127132 -0.040162 0.040831
31.8 1.434461 -0.229266 0.128346 -0.041143 0.044941
31.9 1.439954 -0.229253 0.129552 -0.042123 0.049045
32 1.445739 -0.229226 0.130726 -0.043101 0.053119
32.1 1.451593 -0.229179 0.131851 -0.044074 0.057147
32.2 1.457447 -0.229132 0.132976 -0.045048 0.061176
32.3 1.463301 -0.229055 0.134028 -0.046015 0.065137
32.4 1.469155 -0.228975 0.135071 -0.046982 0.06909
32.5 1.475277 -0.228881 0.136084 -0.047947 0.073015
32.6 1.481486 -0.228766 0.137045 -0.048907 0.076893
32.7 1.487694 -0.228652 0.138007 -0.049867 0.080771
32.8 1.493903 -0.22851 0.138897 -0.05082 0.084568
32.9 1.500111 -0.228364 0.139776 -0.051771 0.088353
33 1.506337 -0.228213 0.140623 -0.052711 0.092056
33.1 1.512569 -0.228054 0.141411 -0.053633 0.095611
33.2 1.518801 -0.227895 0.142198 -0.054555 0.099165
33.3 1.525033 -0.227728 0.142908 -0.055448 0.1025
33.4 1.531266 -0.227559 0.143602 -0.056335 0.105793
33.5 1.537384 -0.227387 0.144267 -0.057212 0.109
33.6 1.543443 -0.227209 0.144868 -0.058065 0.112031
33.7 1.549502 -0.227032 0.145469 -0.058918 0.115062
33.8 1.555562 -0.226846 0.145995 -0.059744 0.11788
33.9 1.561621 -0.226659 0.146503 -0.060563 0.12065
34 1.567575 -0.226469 0.146983 -0.061372 0.12334
34.1 1.573461 -0.226273 0.147398 -0.062157 0.125848
34.2 1.579348 -0.226077 0.147814 -0.062942 0.128356
34.3 1.585234 -0.225873 0.148155 -0.063701 0.130658
34.4 1.59112 -0.225668 0.148477 -0.064452 0.132904
34.5 1.59691 -0.22546 0.148773 -0.065193 0.135078
34.6 1.602623 -0.225245 0.149002 -0.06591 0.137063
34.7 1.608336 -0.22503 0.149231 -0.066627 0.139048
34.8 1.614049 -0.224808 0.149388 -0.067318 0.140832
34.9 1.619762 -0.224584 0.149524 -0.068001 0.142556
35 1.625387 -0.224358 0.149636 -0.068675 0.144213
35.1 1.630927 -0.224125 0.149679 -0.069324 0.145675
35.2 1.636467 -0.223892 0.149721 -0.069972 0.147136
35.3 1.642007 -0.223652 0.149695 -0.070596 0.148404
35.4 1.647547 -0.223409 0.149644 -0.07121 0.149604
35.5 1.653009 -0.223165 0.149572 -0.071817 0.150745
35.6 1.658376 -0.222913 0.149429 -0.072398 0.151683
35.7 1.663743 -0.222661 0.149285 -0.072978 0.152622
35.8 1.66911 -0.222403 0.149074 -0.073534 0.153373
35.9 1.674477 -0.222142 0.148837 -0.07408 0.15405
36 1.679774 -0.221879 0.148582 -0.07462 0.154674
36.1 1.684968 -0.221609 0.148252 -0.075132 0.155089
36.2 1.690161 -0.221339 0.147921 -0.075644 0.155504
36.3 1.695355 -0.221063 0.147529 -0.076133 0.155745
36.4 1.700549 -0.220785 0.147109 -0.07661 0.155907
36.5 1.705681 -0.220508 0.146686 -0.077079 0.156058
36.6 1.7107 -0.220242 0.146252 -0.077506 0.156164
36.7 1.715719 -0.219976 0.145817 -0.077933 0.156269
36.8 1.720738 -0.219725 0.145396 -0.078322 0.156399
36.9 1.725756 -0.219481 0.144983 -0.078692 0.156542
37 1.730722 -0.219241 0.144573 -0.079053 0.156691
37.1 1.735563 -0.219019 0.144181 -0.079365 0.156871
37.2 1.740405 -0.218798 0.143789 -0.079678 0.157051
37.3 1.745247 -0.21859 0.14341 -0.079953 0.157255
37.4 1.750089 -0.218391 0.14304 -0.080208 0.157473
37.5 1.754887 -0.218195 0.142672 -0.080456 0.157695
37.6 1.759552 -0.218018 0.142322 -0.080653 0.15795
37.7 1.764217 -0.217841 0.141973 -0.08085 0.158205
37.8 1.768882 -0.217677 0.141637 -0.081012 0.158483
37.9 1.773547 -0.217523 0.141309 -0.081152 0.158775
38 1.778176 -0.21737 0.140983 -0.081286 0.159071
38.1 1.782665 -0.217238 0.140676 -0.081368 0.159401
38.2 1.787153 -0.217106 0.140369 -0.081451 0.159731
38.3 1.791641 -0.216986 0.140075 -0.081499 0.160083
38.4 1.796129 -0.216876 0.13979 -0.081524 0.16045
38.5 1.800591 -0.216768 0.139506 -0.081544 0.16082
38.6 1.804902 -0.21668 0.139242 -0.081511 0.161224
38.7 1.809214 -0.216592 0.138978 -0.081479 0.161629
38.8 1.813525 -0.216517 0.138726 -0.081414 0.162054
38.9 1.817837 -0.216451 0.138483 -0.081323 0.162496
39 1.82213 -0.216387 0.138242 -0.08123 0.16294
39.1 1.826265 -0.216344 0.13802 -0.081083 0.163419
39.2 1.8304 -0.216301 0.137799 -0.080935 0.163898
39.3 1.834534 -0.216269 0.137589 -0.080756 0.164398
39.4 1.838669 -0.216248 0.137389 -0.080551 0.164915
39.5 1.842795 -0.216228 0.13719 -0.080344 0.165432
39.6 1.846752 -0.216229 0.137011 -0.080082 0.165986
39.7 1.85071 -0.216231 0.136832 -0.079819 0.16654
39.8 1.854668 -0.216243 0.136665 -0.079527 0.167113
39.9 1.858626 -0.216267 0.136507 -0.079206 0.167705
40 1.862584 -0.216291 0.13635 -0.078886 0.168296
