phase mean FPC1 FPC2 FPC3 FPC4
-10 0.628215 0.07593 -0.51602 -0.254251 0.074412
-9.9 0.61286 0.075863 -0.511925 -0.254058 0.073816
-9.8 0.597506 0.075797 -0.50783 -0.253865 0.073219
-9.7 0.582151 0.075731 -0.503735 -0.253672 0.072623
-9.6 0.566796 0.075553 -0.499128 -0.25308 0.071925
-9.5 0.551441 0.075374 -0.494514 -0.252483 0.071225
-9.4 0.536087 0.075195 -0.4899 -0.251885 0.070525
-9.3 0.522148 0.074906 -0.484782 -0.250895 0.069724
-9.2 0.5083 0.074614 -0.479648 -0.249894 0.06892
-9.1 0.494452 0.074322 -0.474515 -0.248892 0.068117
-9 0.480605 0.073922 -0.468886 -0.247504 0.067214
-8.9 0.466757 0.073517 -0.463233 -0.246097 0.066306
-8.8 0.452909 0.073111 -0.45758 -0.244691 0.065398
-8.7 0.440386 0.0726 -0.45144 -0.242905 0.064393
-8.6 0.428045 0.072082 -0.445268 -0.241094 0.063381
-8.5 0.415705 0.071564 -0.439096 -0.239284 0.062369
-8.4 0.403364 0.070942 -0.432444 -0.237099 0.061261
-8.3 0.391024 0.070311 -0.425753 -0.234884 0.060146
-8.2 0.378683 0.06968 -0.419062 -0.232669 0.05903
-8.1 0.367575 0.068947 -0.411898 -0.230086 0.05782
-8 0.356742 0.068203 -0.404688 -0.227467 0.056601
-7.9 0.345908 0.067459 -0.397477 -0.224847 0.055381
-7.8 0.335075 0.066615 -0.389803 -0.221866 0.054069
-7.7 0.324241 0.065758 -0.382073 -0.218842 0.052745
-7.6 0.313408 0.064901 -0.374343 -0.215818 0.051422
-7.5 0.303716 0.063945 -0.366157 -0.212439 0.050007
-7.4 0.294389 0.062976 -0.357908 -0.209011 0.04858
-7.3 0.285063 0.062006 -0.34966 -0.205582 0.047153
-7.2 0.275736 0.060939 -0.340962 -0.201805 0.045636
-7.1 0.26641 0.059857 -0.332194 -0.197972 0.044104
-7 0.257083 0.058774 -0.323426 -0.194139 0.042573
-6.9 0.248807 0.057596 -0.314217 -0.189963 0.040954
-6.8 0.240988 0.056401 -0.30493 -0.185726 0.039319
-6.7 0.233168 0.055205 -0.295642 -0.181489 0.037684
-6.6 0.225349 0.053916 -0.285922 -0.176915 0.035962
-6.5 0.217529 0.052607 -0.276116 -0.172273 0.034223
-6.4 0.20971 0.051299 -0.266309 -0.167632 0.032484
-6.3 0.202806 0.049898 -0.256077 -0.162659 0.03066
-6.2 0.196426 0.048477 -0.245752 -0.157613 0.028817
-6.1 0.190046 0.047056 -0.235426 -0.152568 0.026974
-6 0.183666 0.045585 -0.224979 -0.147356 0.025118
-5.9 0.177285 0.044102 -0.214501 -0.142105 0.023259
-5.8 0.170905 0.042619 -0.204024 -0.136853 0.0214
-5.7 0.164998 0.041188 -0.194159 -0.131834 0.019703
-5.6 0.15944 0.039772 -0.184458 -0.126877 0.018049
-5.5 0.153882 0.038355 -0.174757 -0.12192 0.016396
-5.4 0.148324 0.036995 -0.165697 -0.117213 0.014911
-5.3 0.142766 0.035652 -0.156825 -0.11258 0.013475
-5.2 0.137208 0.034309 -0.147952 -0.107946 0.012039
-5.1 0.131996 0.033022 -0.139709 -0.103558 0.010768
-5 0.127108 0.031753 -0.131665 -0.099247 0.009551
-4.9 0.122221 0.030484 -0.123622 -0.094937 0.008333
-4.8 0.117334 0.029269 -0.116194 -0.090867 0.007277
-4.7 0.112446 0.028074 -0.10898 -0.08688 0.006277
-4.6 0.107559 0.026878 -0.101765 -0.082893 0.005277
-4.5 0.102976 0.025736 -0.095154 -0.079141 0.004436
-4.4 0.09876 0.024614 -0.088768 -0.075478 0.003654
-4.3 0.094543 0.023493 -0.082383 -0.071814 0.002872
-4.2 0.090326 0.022423 -0.076588 -0.068381 0.002245
-4.1 0.08611 0.021375 -0.071031 -0.06504 0.001681
-4 0.081893 0.020327 -0.065474 -0.0617 0.001117
-3.9 0.07794 0.019331 -0.060496 -0.058585 0.000705
-3.8 0.074394 0.018356 -0.055768 -0.055568 0.000359
-3.7 0.070848 0.017382 -0.05104 -0.052551 1.3e-05
-3.6 0.067302 0.016458 -0.046878 -0.049755 -0.000184
-3.5 0.063756 0.015557 -0.042979 -0.047061 -0.000313
-3.4 0.06021 0.014657 -0.039079 -0.044367 -0.000441
-3.3 0.056888 0.013805 -0.035734 -0.04189 -0.000424
-3.2 0.054013 0.012978 -0.032664 -0.039519 -0.000334
-3.1 0.051138 0.012151 -0.029593 -0.037149 -0.000244
-3 0.048263 0.011373 -0.027064 -0.034989 -1.2e-05
-2.9 0.045388 0.010619 -0.024823 -0.032942 0.000295
-2.8 0.042513 0.009866 -0.022581 -0.030895 0.000603
-2.7 0.039822 0.00916 -0.020868 -0.029054 0.00105
-2.6 0.037617 0.008481 -0.019456 -0.02733 0.001575
-2.5 0.035413 0.007801 -0.018043 -0.025606 0.002101
-2.4 0.033209 0.007168 -0.017147 -0.024084 0.002762
-2.3 0.031005 0.006562 -0.016563 -0.022683 0.003505
-2.2 0.028801 0.005956 -0.015979 -0.021283 0.004249
-2.1 0.026726 0.005395 -0.01583 -0.020063 0.0051
-2 0.025132 0.004862 -0.015962 -0.018961 0.006021
-1.9 0.023537 0.00433 -0.016093 -0.017858 0.006942
-1.8 0.021943 0.003838 -0.016213 -0.016836 0.007813
-1.7 0.020349 0.003375 -0.016325 -0.015867 0.008649
-1.6 0.018754 0.002911 -0.016436 -0.014899 0.009485
-1.5 0.017234 0.002487 -0.016451 -0.01399 0.010242
-1.4 0.016125 0.002092 -0.016396 -0.013123 0.010941
-1.3 0.015016 0.001697 -0.01634 -0.012257 0.01164
-1.2 0.013907 0.001341 -0.016191 -0.011447 0.012263
-1.1 0.012798 0.001014 -0.015969 -0.010683 0.012825
-1 0.011689 0.000687 -0.015747 -0.009918 0.013387
-0.9 0.010623 0.000398 -0.015433 -0.009209 0.013874
-0.8 0.009996 0.00014 -0.015045 -0.008545 0.014299
-0.7 0.009368 -0.000118 -0.014656 -0.007882 0.014724
-0.6 0.008741 -0.00034 -0.014178 -0.007273 0.015076
-0.5 0.008113 -0.00053 -0.013622 -0.006712 0.015364
-0.4 0.007485 -0.00072 -0.013067 -0.00615 0.015653
-0.3 0.006872 -0.000874 -0.012425 -0.005641 0.01587
-0.2 0.006726 -0.000996 -0.011702 -0.005181 0.016021
-0.1 0.00658 -0.001117 -0.01098 -0.004722 0.016172
0 0.006434 -0.001204 -0.010174 -0.004313 0.016254
0.1 0.006288 -0.001258 -0.009284 -0.003955 0.016268
0.2 0.006141 -0.001311 -0.008395 -0.003597 0.016282
0.3 0.005995 -0.00133 -0.007425 -0.003288 0.01623
0.4 0.006316 -0.001315 -0.006369 -0.003031 0.016107
0.5 0.006651 -0.0013 -0.005313 -0.002775 0.015984
0.6 0.006986 -0.001252 -0.004178 -0.002567 0.015796
0.7 0.007321 -0.001168 -0.002955 -0.002412 0.015536
0.8 0.007656 -0.001084 -0.001733 -0.002257 0.015276
0.9 0.007991 -0.000969 -0.000434 -0.002149 0.014954
1 0.008764 -0.000817 0.000956 -0.002095 0.014557
1.1 0.009581 -0.000665 0.002345 -0.002042 0.01416
1.2 0.010397 -0.000483 0.003809 -0.002034 0.013702
1.3 0.011214 -0.000262 0.005365 -0.002083 0.013168
1.4 0.01203 -4.2e-05 0.006921 -0.002131 0.012634
1.5 0.012847 0.000208 0.008549 -0.002223 0.012042
1.6 0.014076 0.000497 0.010272 -0.002373 0.011371
1.7 0.015379 0.000786 0.011995 -0.002524 0.0107
1.8 0.016683 0.001103 0.013784 -0.002713 0.009976
1.9 0.017986 0.001459 0.015668 -0.002959 0.009178
2 0.019289 0.001816 0.017553 -0.003205 0.008379
2.1 0.020592 0.002189 0.019439 -0.003424 0.007639
2.2 0.022409 0.002589 0.02133 -0.003601 0.006985
2.3 0.024365 0.002988 0.02322 -0.003778 0.006332
2.4 0.02632 0.0034 0.025083 -0.003897 0.005786
2.5 0.028276 0.003831 0.026902 -0.003923 0.005413
2.6 0.030231 0.004261 0.028721 -0.003949 0.005039
2.7 0.032187 0.004703 0.030514 -0.003919 0.004769
2.8 0.034676 0.005165 0.032263 -0.003794 0.004676
2.9 0.037365 0.005627 0.034011 -0.003669 0.004583
3 0.040054 0.0061 0.035734 -0.003491 0.004588
3.1 0.042743 0.006593 0.037411 -0.003215 0.004775
3.2 0.045432 0.007085 0.039088 -0.002939 0.004962
3.3 0.048121 0.007589 0.040742 -0.002613 0.005243
3.4 0.051299 0.008113 0.042348 -0.002186 0.00571
3.5 0.054722 0.008637 0.043954 -0.001759 0.006176
3.6 0.058145 0.009171 0.045537 -0.001284 0.006733
3.7 0.061568 0.009726 0.047072 -0.000706 0.00748
3.8 0.06499 0.010281 0.048608 -0.000128 0.008227
3.9 0.068413 0.010845 0.050121 0.000496 0.00906
4 0.072281 0.011432 0.051585 0.001224 0.010087
4.1 0.076437 0.012018 0.053049 0.001953 0.011114
4.2 0.080593 0.012613 0.054493 0.002725 0.012222
4.3 0.084749 0.01323 0.055886 0.003605 0.013529
4.4 0.088906 0.013847 0.057279 0.004484 0.014836
4.5 0.093062 0.014473 0.058653 0.005406 0.01622
4.6 0.097618 0.015121 0.059975 0.006436 0.017807
4.7 0.102508 0.01577 0.061297 0.007466 0.019394
4.8 0.107397 0.016426 0.062601 0.008536 0.021054
4.9 0.112287 0.017106 0.063852 0.009717 0.022921
5 0.117176 0.017785 0.065103 0.010899 0.024788
5.1 0.122066 0.018472 0.066337 0.012117 0.026724
5.2 0.127311 0.019183 0.067517 0.01345 0.028872
5.3 0.132934 0.019893 0.068697 0.014782 0.031019
5.4 0.138557 0.020611 0.069861 0.016149 0.033231
5.5 0.14418 0.021353 0.07097 0.017632 0.035658
5.6 0.149802 0.022094 0.072079 0.019115 0.038085
5.7 0.155425 0.022842 0.073173 0.020631 0.040573
5.8 0.161309 0.023615 0.074211 0.022265 0.04328
5.9 0.167548 0.024388 0.075249 0.023899 0.045987
6 0.173786 0.025161 0.076277 0.025511 0.048729
6.1 0.180025 0.025934 0.077266 0.027039 0.051606
6.2 0.186263 0.026707 0.078254 0.028567 0.054483
6.3 0.192501 0.027472 0.079238 0.030014 0.057365
6.4 0.198789 0.028206 0.080204 0.031106 0.060271
6.5 0.205164 0.02894 0.08117 0.032197 0.063177
6.6 0.211538 0.029668 0.082133 0.033214 0.066088
6.7 0.217913 0.030363 0.083077 0.033868 0.069021
6.8 0.224287 0.031057 0.084021 0.034522 0.071955
6.9 0.230661 0.031746 0.084961 0.035108 0.074893
7 0.237061 0.032401 0.085883 0.035323 0.077855
7.1 0.243519 0.033057 0.086804 0.035539 0.080816
7.2 0.249977 0.033707 0.087723 0.035694 0.083782
7.3 0.256434 0.034323 0.088623 0.035471 0.086771
7.4 0.262892 0.034939 0.089522 0.035249 0.089761
7.5 0.26935 0.035551 0.090419 0.034972 0.092754
7.6 0.275828 0.036128 0.091296 0.034312 0.095771
7.7 0.282369 0.036705 0.092174 0.033652 0.098789
7.8 0.28891 0.037277 0.093048 0.032944 0.101809
7.9 0.295451 0.037815 0.093904 0.031846 0.104855
8 0.301992 0.038353 0.094759 0.030748 0.1079
8.1 0.308533 0.038887 0.095612 0.029608 0.110948
8.2 0.31509 0.039385 0.096445 0.028073 0.114021
8.3 0.321714 0.039884 0.097278 0.026537 0.117094
8.4 0.328338 0.040379 0.098109 0.024966 0.12017
8.5 0.334963 0.040838 0.09892 0.022992 0.123271
8.6 0.341587 0.041297 0.099731 0.021018 0.126372
8.7 0.348212 0.041754 0.10054 0.019016 0.129475
8.8 0.354846 0.042174 0.101328 0.016604 0.132604
8.9 0.361554 0.042594 0.102117 0.014193 0.135733
9 0.368261 0.043012 0.102905 0.011759 0.138863
9.1 0.374969 0.043393 0.103671 0.008909 0.14202
9.2 0.381677 0.043773 0.104437 0.00606 0.145177
9.3 0.388385 0.044153 0.105203 0.003195 0.148335
9.4 0.395097 0.044494 0.105947 -9.3e-05 0.151519
9.5 0.401888 0.044836 0.106691 -0.00338 0.154704
9.6 0.408679 0.045176 0.107435 -0.006677 0.157889
9.7 0.41547 0.045478 0.108157 -0.010402 0.161102
9.8 0.422261 0.045781 0.108879 -0.014128 0.164315
9.9 0.429052 0.046083 0.109601 -0.017855 0.167527
10 0.435843 0.046361 0.110313 -0.021909 0.170662
10.1 0.442355 0.04664 0.111025 -0.025964 0.173797
10.2 0.448866 0.046918 0.111738 -0.030019 0.176932
10.3 0.455378 0.047221 0.112478 -0.034062 0.179661
10.4 0.461889 0.047525 0.113219 -0.038105 0.182386
10.5 0.468401 0.047829 0.11396 -0.042148 0.185111
10.6 0.474912 0.048161 0.114732 -0.046151 0.187409
10.7 0.480821 0.048494 0.115505 -0.050153 0.189696
10.8 0.486691 0.048827 0.116278 -0.054155 0.191983
10.9 0.49256 0.049189 0.117082 -0.058118 0.19385
11 0.49843 0.049551 0.117887 -0.06208 0.195699
11.1 0.5043 0.049914 0.118692 -0.066041 0.197548
11.2 0.51017 0.050304 0.119528 -0.069964 0.198984
11.3 0.515475 0.050696 0.120365 -0.073885 0.200395
11.4 0.520703 0.051088 0.121202 -0.077805 0.201807
11.5 0.525931 0.051507 0.122069 -0.081688 0.202811
11.6 0.531159 0.051928 0.122938 -0.085568 0.203784
11.7 0.536387 0.052349 0.123807 -0.089448 0.204758
11.8 0.541615 0.052797 0.124706 -0.093291 0.205331
11.9 0.546318 0.053248 0.125607 -0.09713 0.205866
12 0.550904 0.053698 0.126508 -0.100969 0.206402
12.1 0.55549 0.054175 0.127438 -0.104772 0.206544
12.2 0.560076 0.054655 0.128371 -0.10857 0.206641
12.3 0.564662 0.055135 0.129305 -0.112369 0.206739
12.4 0.569249 0.055641 0.130266 -0.116132 0.20645
12.5 0.573348 0.056151 0.131232 -0.119889 0.206109
12.6 0.577293 0.05666 0.132197 -0.123647 0.205769
12.7 0.581237 0.057195 0.13319 -0.12737 0.205048
12.8 0.585182 0.057734 0.134188 -0.131087 0.20427
12.9 0.589126 0.058272 0.135185 -0.134804 0.203492
13 0.59307 0.058836 0.13621 -0.138486 0.20234
13.1 0.596567 0.059404 0.137239 -0.142163 0.201124
13.2 0.59987 0.059972 0.138269 -0.145839 0.199908
13.3 0.603172 0.060565 0.139325 -0.149481 0.198325
13.4 0.606475 0.061162 0.140387 -0.153117 0.196671
13.5 0.609777 0.06176 0.141448 -0.156753 0.195017
13.6 0.61308 0.062381 0.142536 -0.160355 0.193003
13.7 0.615996 0.063008 0.14363 -0.16395 0.190911
13.8 0.618691 0.063635 0.144723 -0.167545 0.188819
13.9 0.621386 0.064286 0.145829 -0.171096 0.186382
14 0.624081 0.064943 0.146938 -0.174637 0.183862
14.1 0.626776 0.0656 0.148048 -0.178178 0.181343
14.2 0.629471 0.066284 0.149056 -0.181584 0.178556
14.3 0.631996 0.066976 0.150038 -0.184956 0.1757
14.4 0.634395 0.067668 0.15102 -0.188327 0.172843
14.5 0.636794 0.068388 0.151875 -0.191544 0.169741
14.6 0.639194 0.069117 0.152694 -0.194716 0.16657
14.7 0.641593 0.069845 0.153512 -0.197889 0.163399
14.8 0.643992 0.070601 0.154207 -0.20091 0.159987
14.9 0.646278 0.071366 0.154862 -0.203884 0.156501
15 0.648459 0.072131 0.155518 -0.206858 0.153015
15.1 0.650639 0.072923 0.156052 -0.209683 0.149294
15.2 0.652819 0.073724 0.156544 -0.212458 0.145493
15.3 0.654999 0.074525 0.157037 -0.215234 0.141692
15.4 0.657179 0.075353 0.157409 -0.217863 0.137661
15.5 0.659259 0.076191 0.157739 -0.22044 0.133546
15.6 0.66122 0.077029 0.158068 -0.223016 0.12943
15.7 0.66318 0.077893 0.15828 -0.22545 0.125089
15.8 0.665141 0.078767 0.158447 -0.227828 0.120659
15.9 0.667102 0.079641 0.158613 -0.230206 0.116229
16 0.669063 0.080541 0.158664 -0.232444 0.111577
16.1 0.670937 0.081451 0.158667 -0.234623 0.106833
16.2 0.672679 0.082362 0.15867 -0.236802 0.102088
16.3 0.67442 0.083297 0.158561 -0.238845 0.097126
16.4 0.676162 0.084244 0.158401 -0.240825 0.092067
16.5 0.677903 0.085191 0.158241 -0.242806 0.087008
16.6 0.679645 0.086163 0.157971 -0.244653 0.081736
16.7 0.681313 0.087146 0.157648 -0.246434 0.076362
16.8 0.682836 0.08813 0.157324 -0.248216 0.070988
16.9 0.684358 0.089137 0.156894 -0.249867 0.065407
17 0.68588 0.090157 0.156407 -0.25145 0.059718
17.1 0.687402 0.091177 0.155921 -0.253033 0.054029
17.2 0.688924 0.09222 0.15533 -0.254489 0.048138
17.3 0.690386 0.093277 0.15468 -0.255873 0.042135
17.4 0.691689 0.094333 0.15403 -0.257258 0.036131
17.5 0.692992 0.095412 0.153278 -0.258517 0.02993
17.6 0.694295 0.096505 0.152466 -0.259703 0.023612
17.7 0.695598 0.097598 0.151653 -0.260889 0.017294
17.8 0.696901 0.098712 0.150741 -0.261951 0.010787
17.9 0.698188 0.099841 0.149766 -0.262936 0.004161
18 0.699415 0.100969 0.148792 -0.263922 -0.002465
18.1 0.700643 0.102098 0.147765 -0.264724 -0.009057
18.2 0.70187 0.103227 0.146702 -0.265404 -0.015625
18.3 0.703098 0.104355 0.14564 -0.266084 -0.022193
18.4 0.704325 0.105471 0.144553 -0.266548 -0.028595
18.5 0.705586 0.106577 0.143448 -0.266859 -0.034878
18.6 0.707033 0.107684 0.142344 -0.267169 -0.041161
18.7 0.70848 0.108778 0.141215 -0.267269 -0.047283
18.8 0.709927 0.109862 0.140068 -0.267209 -0.053281
18.9 0.711374 0.110946 0.138921 -0.267149 -0.05928
19 0.712821 0.112018 0.137751 -0.266885 -0.065121
19.1 0.714289 0.113081 0.136562 -0.266456 -0.070834
19.2 0.715965 0.114143 0.135373 -0.266026 -0.076548
19.3 0.71764 0.115193 0.134162 -0.265398 -0.082109
19.4 0.719316 0.116233 0.132931 -0.264598 -0.087537
19.5 0.720992 0.117274 0.131699 -0.263799 -0.092966
19.6 0.722668 0.118302 0.130446 -0.262806 -0.098246
19.7 0.72435 0.11932 0.129173 -0.261637 -0.10339
19.8 0.726255 0.120338 0.1279 -0.260468 -0.108535
19.9 0.72816 0.121345 0.126605 -0.259111 -0.113534
20 0.730064 0.122341 0.125289 -0.257572 -0.118393
20.1 0.731969 0.123337 0.123974 -0.256032 -0.123253
20.2 0.733873 0.124322 0.122638 -0.254311 -0.127971
20.3 0.735778 0.125296 0.12128 -0.252402 -0.132546
20.4 0.737904 0.126269 0.119922 -0.250493 -0.13712
20.5 0.740038 0.127233 0.118544 -0.248407 -0.141558
20.6 0.742171 0.128184 0.117145 -0.246128 -0.145848
20.7 0.744305 0.129136 0.115745 -0.243849 -0.150138
20.8 0.746438 0.130077 0.114325 -0.241399 -0.154295
20.9 0.748571 0.131007 0.112883 -0.23875 -0.1583
21 0.750913 0.131936 0.111441 -0.236101 -0.162305
21.1 0.753275 0.132856 0.10998 -0.233287 -0.166182
21.2 0.755637 0.133764 0.108496 -0.230268 -0.169902
21.3 0.757999 0.134671 0.107012 -0.227249 -0.173622
21.4 0.760361 0.135569 0.10551 -0.224071 -0.177219
21.5 0.762724 0.136454 0.103983 -0.220682 -0.180654
21.6 0.76528 0.13734 0.102457 -0.217294 -0.18409
21.7 0.767872 0.138216 0.100913 -0.213751 -0.187406
21.8 0.770464 0.139079 0.099344 -0.209992 -0.190556
21.9 0.773055 0.139942 0.097776 -0.206234 -0.193707
22 0.775647 0.140797 0.096194 -0.202371 -0.196744
22.1 0.778239 0.141638 0.094593 -0.198352 -0.199613
22.2 0.781028 0.142479 0.092992 -0.194334 -0.202482
22.3 0.783871 0.143311 0.091384 -0.190283 -0.205244
22.4 0.786714 0.14413 0.089765 -0.186181 -0.207837
22.5 0.789557 0.144949 0.088146 -0.182079 -0.210429
22.6 0.7924 0.14576 0.086521 -0.177948 -0.21292
22.7 0.795243 0.146557 0.084885 -0.173766 -0.215236
22.8 0.798276 0.147354 0.08325 -0.169584 -0.217553
22.9 0.801381 0.148143 0.081608 -0.165374 -0.219771
23 0.804485 0.148918 0.079955 -0.161112 -0.221812
23.1 0.80759 0.149693 0.078301 -0.15685 -0.223852
23.2 0.810695 0.15046 0.076643 -0.152561 -0.225799
23.3 0.8138 0.151213 0.074972 -0.148219 -0.227563
23.4 0.817079 0.151966 0.073302 -0.143877 -0.229328
23.5 0.820446 0.152711 0.071626 -0.139509 -0.231002
23.6 0.823813 0.153442 0.069939 -0.135088 -0.23249
23.7 0.827179 0.154173 0.068252 -0.130666 -0.233979
23.8 0.830546 0.154896 0.066559 -0.126219 -0.235381
23.9 0.833913 0.155605 0.064855 -0.121718 -0.236594
24 0.837438 0.156314 0.06315 -0.117216 -0.237806
24.1 0.841067 0.157016 0.06144 -0.112691 -0.238937
24.2 0.844696 0.157702 0.059719 -0.108109 -0.239873
24.3 0.848324 0.158389 0.057997 -0.103527 -0.240809
24.4 0.851953 0.159069 0.05627 -0.098923 -0.241668
24.5 0.855582 0.159733 0.054532 -0.094261 -0.242328
24.6 0.859353 0.160398 0.052793 -0.0896 -0.242988
24.7 0.863243 0.161056 0.051049 -0.084917 -0.243575
24.8 0.867134 0.161699 0.049293 -0.080175 -0.243959
24.9 0.871024 0.162341 0.047537 -0.075434 -0.244344
25 0.874915 0.162978 0.045777 -0.070672 -0.244658
25.1 0.878805 0.163598 0.044004 -0.06585 -0.244766
25.2 0.882823 0.164218 0.042231 -0.061029 -0.244875
25.3 0.886975 0.164833 0.040453 -0.056188 -0.244917
25.4 0.891127 0.165431 0.038663 -0.051287 -0.244749
25.5 0.89528 0.166029 0.036873 -0.046385 -0.244582
25.6 0.899432 0.166623 0.035079 -0.041466 -0.244353
25.7 0.903584 0.167199 0.033271 -0.036484 -0.243908
25.8 0.907844 0.167775 0.031464 -0.031503 -0.243464
25.9 0.912248 0.168345 0.029656 -0.026517 -0.242966
26 0.916653 0.168896 0.027846 -0.021514 -0.242256
26.1 0.921058 0.169447 0.026036 -0.016511 -0.241547
26.2 0.925463 0.16999 0.024236 -0.011548 -0.240795
26.3 0.929867 0.170503 0.022482 -0.006756 -0.239862
26.4 0.93435 0.171015 0.020727 -0.001963 -0.238929
26.5 0.938969 0.171521 0.018984 0.002787 -0.237958
26.6 0.943588 0.171994 0.017292 0.007343 -0.236806
26.7 0.948207 0.172467 0.0156 0.011898 -0.235655
26.8 0.952827 0.172933 0.013917 0.016415 -0.234468
26.9 0.957446 0.173366 0.012288 0.020734 -0.233098
27 0.962128 0.1738 0.010658 0.025052 -0.231728
27.1 0.966958 0.174227 0.009037 0.029335 -0.230326
27.2 0.971787 0.174621 0.007469 0.033416 -0.228738
27.3 0.976616 0.175014 0.005902 0.037497 -0.227149
27.4 0.981445 0.175402 0.004342 0.041547 -0.225532
27.5 0.986274 0.175756 0.002837 0.045391 -0.223725
27.6 0.991155 0.17611 0.001332 0.049235 -0.221918
27.7 0.996194 0.17646 -0.000166 0.053051 -0.220086
27.8 1.001233 0.176774 -0.001609 0.056657 -0.21806
27.9 1.006273 0.177088 -0.003052 0.060264 -0.216035
28 1.011312 0.177398 -0.004489 0.063847 -0.213987
28.1 1.016351 0.177673 -0.005869 0.067216 -0.211743
28.2 1.021429 0.177947 -0.00725 0.070585 -0.209499
28.3 1.026678 0.178219 -0.008626 0.073934 -0.207236
28.4 1.031928 0.178453 -0.009944 0.077066 -0.204774
28.5 1.037177 0.178688 -0.011262 0.080199 -0.202311
28.6 1.042427 0.17892 -0.012576 0.083314 -0.199833
28.7 1.047676 0.179116 -0.013832 0.086209 -0.197152
28.8 1.052951 0.179311 -0.015089 0.089104 -0.194471
28.9 1.058411 0.179504 -0.016341 0.091986 -0.191777
29 1.06387 0.17966 -0.017535 0.094643 -0.188878
29.1 1.06933 0.179815 -0.018729 0.097301 -0.185978
29.2 1.07479 0.179969 -0.01992 0.099949 -0.183069
29.3 1.080249 0.180085 -0.021052 0.10237 -0.179951
29.4 1.085722 0.180201 -0.022183 0.10479 -0.176833
29.5 1.091391 0.180316 -0.023313 0.107205 -0.173709
29.6 1.097061 0.180392 -0.024382 0.109388 -0.170372
29.7 1.102731 0.180468 -0.025452 0.111571 -0.167036
29.8 1.1084 0.180544 -0.02652 0.113752 -0.163697
29.9 1.11407 0.180583 -0.027524 0.1157 -0.160159
30 1.11974 0.180621 -0.028527 0.117648 -0.156621
30.1 1.125495 0.18066 -0.029531 0.119595 -0.153083
30.2 1.131251 0.180684 -0.03043 0.121326 -0.149553
30.3 1.137006 0.180708 -0.031328 0.123057 -0.146023
30.4 1.142762 0.180732 -0.032226 0.124787 -0.142492
30.5 1.148517 0.180748 -0.033008 0.12631 -0.139034
30.6 1.154273 0.180765 -0.033788 0.127829 -0.135577
30.7 1.159992 0.180781 -0.034567 0.129347 -0.132121
30.8 1.165709 0.180791 -0.035233 0.130662 -0.128735
30.9 1.171426 0.1808 -0.035895 0.131969 -0.125352
31 1.177143 0.18081 -0.036556 0.133276 -0.121969
31.1 1.18286 0.180812 -0.037106 0.134382 -0.118656
31.2 1.188576 0.180814 -0.037649 0.135477 -0.115347
31.3 1.194259 0.180816 -0.038192 0.136573 -0.112038
31.4 1.199937 0.180811 -0.038625 0.137471 -0.108798
31.5 1.205616 0.180806 -0.03905 0.138354 -0.105562
31.6 1.211294 0.180801 -0.039475 0.139238 -0.102327
31.7 1.216972 0.180789 -0.039792 0.139928 -0.099159
31.8 1.22265 0.180776 -0.040099 0.1406 -0.095997
31.9 1.228297 0.180764 -0.040406 0.141272 -0.092836
32 1.233936 0.180745 -0.040606 0.141753 -0.08974
32.1 1.239576 0.180725 -0.040794 0.142214 -0.086652
32.2 1.245215 0.180705 -0.040983 0.142675 -0.083564
32.3 1.250854 0.180678 -0.041067 0.142947 -0.080542
32.4 1.256494 0.180651 -0.041137 0.143196 -0.077527
32.5 1.262104 0.180624 -0.041207 0.143445 -0.074513
32.6 1.267705 0.180591 -0.041174 0.143509 -0.071563
32.7 1.273306 0.180556 -0.041127 0.143547 -0.068623
32.8 1.278907 0.180522 -0.041079 0.143584 -0.065682
32.9 1.284507 0.180481 -0.04093 0.14344 -0.062805
33 1.290108 0.180439 -0.040764 0.143266 -0.059938
33.1 1.295682 0.180398 -0.040598 0.143092 -0.057071
33.2 1.301244 0.18035 -0.040332 0.142739 -0.054266
33.3 1.306806 0.180301 -0.040047 0.142354 -0.051473
33.4 1.312368 0.180252 -0.039763 0.141968 -0.04868
33.5 1.31793 0.180197 -0.039381 0.141407 -0.045948
33.6 1.323493 0.18014 -0.038978 0.14081 -0.043228
33.7 1.329028 0.180084 -0.038576 0.140213 -0.040509
33.8 1.334547 0.180022 -0.038078 0.139444 -0.037849
33.9 1.340067 0.179958 -0.037557 0.138635 -0.035203
34 1.345587 0.179895 -0.037037 0.137827 -0.032557
34.1 1.351106 0.179832 -0.036481 0.136948 -0.029939
34.2 1.356626 0.17977 -0.035917 0.13605 -0.027327
34.3 1.362101 0.179707 -0.035352 0.135152 -0.024716
34.4 1.367544 0.179651 -0.034798 0.134258 -0.022108
34.5 1.372987 0.179596 -0.034247 0.133365 -0.019501
34.6 1.37843 0.179541 -0.033695 0.132472 -0.016894
34.7 1.383872 0.179492 -0.033154 0.131583 -0.01429
34.8 1.389315 0.179445 -0.032615 0.130695 -0.011688
34.9 1.394714 0.179398 -0.032077 0.129807 -0.009085
35 1.400071 0.179356 -0.031549 0.128922 -0.006486
35.1 1.405429 0.179317 -0.031023 0.128039 -0.003887
35.2 1.410786 0.179277 -0.030498 0.127156 -0.001289
35.3 1.416144 0.179243 -0.029982 0.126276 0.001306
35.4 1.421501 0.179211 -0.02947 0.125398 0.0039
35.5 1.42682 0.179179 -0.028958 0.124519 0.006494
35.6 1.432092 0.179153 -0.028455 0.123644 0.009085
35.7 1.437364 0.179129 -0.027956 0.122771 0.011674
35.8 1.442636 0.179104 -0.027457 0.121897 0.014264
35.9 1.447908 0.179086 -0.026967 0.121027 0.016851
36 1.45318 0.179069 -0.026481 0.120158 0.019436
36.1 1.458418 0.179052 -0.025995 0.11929 0.022021
36.2 1.463605 0.179041 -0.025519 0.118424 0.024604
36.3 1.468792 0.179032 -0.025046 0.11756 0.027185
36.4 1.473979 0.179023 -0.024573 0.116696 0.029765
36.5 1.479165 0.179019 -0.024109 0.115836 0.032344
36.6 1.484352 0.179017 -0.023649 0.114977 0.03492
36.7 1.48951 0.179016 -0.023189 0.114118 0.037497
36.8 1.494612 0.17902 -0.022738 0.113262 0.04007
36.9 1.499713 0.179026 -0.022291 0.112408 0.042643
37 1.504814 0.179032 -0.021845 0.111554 0.045215
37.1 1.509916 0.179043 -0.021406 0.110703 0.047785
37.2 1.515017 0.179057 -0.020973 0.109853 0.050352
37.3 1.520095 0.179071 -0.020539 0.109004 0.05292
37.4 1.525111 0.17909 -0.020114 0.108158 0.055486
37.5 1.530127 0.179111 -0.019693 0.107313 0.058049
37.6 1.535143 0.179133 -0.019273 0.106469 0.060613
37.7 1.540159 0.179159 -0.01886 0.105627 0.063174
37.8 1.545175 0.179188 -0.018453 0.104788 0.065733
37.9 1.550161 0.179217 -0.018045 0.103948 0.068292
38 1.555039 0.179249 -0.017655 0.103113 0.070823
38.1 1.559916 0.179283 -0.017276 0.10228 0.073334
38.2 1.564793 0.179317 -0.016896 0.101447 0.075846
38.3 1.56967 0.17935 -0.016551 0.10062 0.078278
38.4 1.574547 0.179383 -0.01623 0.099798 0.080654
38.5 1.579387 0.179416 -0.015909 0.098976 0.08303
38.6 1.584016 0.179448 -0.015622 0.09816 0.085327
38.7 1.588644 0.17948 -0.015361 0.097348 0.087565
38.8 1.593273 0.179512 -0.015099 0.096537 0.089803
38.9 1.597902 0.179543 -0.014871 0.095732 0.091963
39 1.60253 0.179573 -0.014669 0.094931 0.094062
39.1 1.607136 0.179604 -0.014467 0.09413 0.096162
39.2 1.611513 0.179634 -0.014297 0.093335 0.098186
39.3 1.61589 0.179663 -0.014154 0.092546 0.100147
39.4 1.620267 0.179693 -0.014012 0.091756 0.102108
39.5 1.624644 0.179721 -0.0139 0.090971 0.103995
39.6 1.62902 0.179749 -0.013817 0.090192 0.105818
39.7 1.63339 0.179778 -0.013734 0.089413 0.10764
39.8 1.637515 0.179805 -0.013681 0.08864 0.109391
39.9 1.64164 0.179832 -0.013658 0.087871 0.111075
40 1.645765 0.179859 -0.013634 0.087103 0.112759
40.1 1.649889 0.179885 -0.01364 0.08634 0.114374
40.2 1.654014 0.179911 -0.013676 0.085582 0.11592
40.3 1.658139 0.179937 -0.013711 0.084825 0.117465
40.4 1.66202 0.179962 -0.013776 0.084072 0.118944
40.5 1.665893 0.179987 -0.013871 0.083326 0.120351
40.6 1.669766 0.180011 -0.013966 0.082579 0.121758
40.7 1.673639 0.180036 -0.014089 0.081837 0.1231
40.8 1.677512 0.180059 -0.014244 0.081101 0.124369
40.9 1.681385 0.180082 -0.014398 0.080365 0.125637
41 1.685029 0.180105 -0.01458 0.079634 0.126843
41.1 1.688651 0.180127 -0.014794 0.078908 0.127973
41.2 1.692272 0.18015 -0.015008 0.078183 0.129103
41.3 1.695893 0.180171 -0.015248 0.077463 0.130173
41.4 1.699514 0.180192 -0.015522 0.076748 0.131165
41.5 1.703135 0.180213 -0.015795 0.076034 0.132156
41.6 1.706549 0.180234 -0.016094 0.075324 0.133089
41.7 1.709925 0.180254 -0.016427 0.07462 0.133943
41.8 1.713302 0.180274 -0.01676 0.073916 0.134796
41.9 1.716678 0.180293 -0.017109 0.073216 0.135597
42 1.720055 0.180313 -0.017482 0.072521 0.136322
42.1 1.723431 0.180332 -0.017854 0.071825 0.137048
42.2 1.726795 0.180352 -0.018203 0.071128 0.137744
42.3 1.730155 0.180373 -0.018515 0.070429 0.138396
42.4 1.733515 0.180394 -0.018828 0.06973 0.139048
42.5 1.736876 0.180417 -0.019111 0.069029 0.139675
42.6 1.740236 0.18044 -0.019347 0.068324 0.140261
42.7 1.743596 0.180464 -0.019584 0.067619 0.140847
42.8 1.747026 0.180489 -0.019793 0.066912 0.141409
42.9 1.750481 0.180515 -0.019953 0.066202 0.14193
43 1.753937 0.180541 -0.020114 0.065492 0.14245
43.1 1.757392 0.180568 -0.020248 0.064779 0.142948
43.2 1.760848 0.180597 -0.020333 0.064063 0.143403
43.3 1.764303 0.180626 -0.020417 0.063347 0.143859
43.4 1.767822 0.180655 -0.020477 0.062629 0.144292
43.5 1.771373 0.180687 -0.020486 0.061908 0.144682
43.6 1.774924 0.180718 -0.020495 0.061186 0.145071
43.7 1.778474 0.18075 -0.02048 0.060462 0.14544
43.8 1.782025 0.180784 -0.020413 0.059735 0.145764
43.9 1.785576 0.180817 -0.020346 0.059008 0.146088
44 1.789184 0.180852 -0.020256 0.058279 0.146392
44.1 1.79283 0.180888 -0.020113 0.057546 0.146651
44.2 1.796476 0.180924 -0.01997 0.056813 0.14691
44.3 1.800122 0.180961 -0.019806 0.056078 0.147149
44.4 1.803768 0.181 -0.019587 0.05534 0.147342
44.5 1.807414 0.181038 -0.019369 0.054601 0.147535
44.6 1.811112 0.181078 -0.01913 0.053861 0.147711
44.7 1.814853 0.181119 -0.018835 0.053117 0.147838
44.8 1.818594 0.18116 -0.018541 0.052372 0.147966
44.9 1.822335 0.181202 -0.018227 0.051627 0.148077
45 1.826077 0.181245 -0.017857 0.050877 0.148139
45.1 1.829818 0.181289 -0.017487 0.050127 0.148201
45.2 1.833605 0.181333 -0.017098 0.049376 0.148247
45.3 1.837441 0.181379 -0.016652 0.04862 0.148243
45.4 1.841278 0.181426 -0.016206 0.047865 0.14824
45.5 1.845114 0.181472 -0.015743 0.047108 0.148222
45.6 1.84895 0.181521 -0.015221 0.046347 0.148153
45.7 1.852787 0.18157 -0.0147 0.045586 0.148084
45.8 1.856646 0.181619 -0.014163 0.044824 0.148002
45.9 1.860537 0.181669 -0.01357 0.044057 0.147871
46 1.864427 0.18172 -0.012976 0.043291 0.147741
46.1 1.868318 0.181771 -0.012384 0.042525 0.147614
46.2 1.872208 0.18182 -0.011796 0.04176 0.147496
46.3 1.876099 0.181868 -0.011208 0.040995 0.147379
46.4 1.879948 0.181916 -0.010626 0.040232 0.14727
46.5 1.883726 0.181961 -0.010074 0.039471 0.147195
46.6 1.887503 0.182006 -0.009521 0.038711 0.147121
46.7 1.891281 0.18205 -0.008975 0.037952 0.147053
46.8 1.895058 0.182092 -0.008458 0.037196 0.147022
46.9 1.898836 0.182133 -0.007941 0.036441 0.14699
47 1.902574 0.182173 -0.007429 0.035686 0.146964
47.1 1.90622 0.18221 -0.006948 0.034935 0.146975
47.2 1.909866 0.182248 -0.006467 0.034184 0.146986
47.3 1.913513 0.182284 -0.00599 0.033433 0.147003
47.4 1.917159 0.182318 -0.005544 0.032687 0.147056
47.5 1.920805 0.182351 -0.005098 0.03194 0.147109
47.6 1.924419 0.182384 -0.004657 0.031194 0.147168
47.7 1.927934 0.182414 -0.004247 0.030452 0.147264
47.8 1.931449 0.182443 -0.003836 0.02971 0.14736
47.9 1.934964 0.182473 -0.00343 0.028968 0.147461
48 1.938479 0.182498 -0.003055 0.028231 0.147599
48.1 1.941994 0.182524 -0.002681 0.027493 0.147738
48.2 1.945485 0.18255 -0.002309 0.026756 0.147881
48.3 1.948868 0.182572 -0.00197 0.026023 0.148062
48.4 1.952252 0.182594 -0.001631 0.02529 0.148243
48.5 1.955636 0.182615 -0.001295 0.024557 0.148428
48.6 1.959019 0.182633 -0.000991 0.023829 0.148652
48.7 1.962403 0.182651 -0.000688 0.0231 0.148876
48.8 1.96577 0.182669 -0.000386 0.022372 0.149102
48.9 1.969023 0.182684 -0.000118 0.021648 0.149369
49 1.972275 0.182698 0.00015 0.020924 0.149636
49.1 1.975527 0.182712 0.000416 0.0202 0.149904
49.2 1.978779 0.182722 0.000648 0.019481 0.150214
49.3 1.982032 0.182733 0.000881 0.018762 0.150523
49.4 1.985276 0.182743 0.001112 0.018042 0.150833
49.5 1.988397 0.18275 0.001309 0.017327 0.151185
49.6 1.991518 0.182756 0.001506 0.016612 0.151537
49.7 1.994639 0.182763 0.001702 0.015897 0.15189
49.8 1.99776 0.182766 0.001863 0.015187 0.152284
49.9 2.00088 0.182769 0.002025 0.014477 0.152679
50 2.004001 0.182771 0.002186 0.013766 0.153073
