phase mean FPC1 FPC2 FPC3 FPC4
-10 0.634505 0.067572 0.202613 -0.492033 -0.094746
-9.9 0.620956 0.067645 0.204436 -0.490359 -0.090832
-9.8 0.607407 0.067719 0.206259 -0.488686 -0.086918
-9.7 0.593858 0.067792 0.208082 -0.487012 -0.083004
-9.6 0.580309 0.067767 0.209454 -0.484707 -0.079249
-9.5 0.56676 0.067741 0.210818 -0.482392 -0.075497
-9.4 0.553211 0.067715 0.212183 -0.480077 -0.071744
-9.3 0.540578 0.067593 0.213104 -0.47714 -0.068148
-9.2 0.528004 0.067468 0.21401 -0.474183 -0.064557
-9.1 0.51543 0.067343 0.214917 -0.471227 -0.060966
-9 0.502856 0.067123 0.215386 -0.467658 -0.057528
-8.9 0.490282 0.066898 0.215835 -0.46406 -0.054098
-8.8 0.477708 0.066674 0.216283 -0.460462 -0.050668
-8.7 0.46599 0.066356 0.216301 -0.456261 -0.04739
-8.6 0.454391 0.066032 0.216292 -0.452022 -0.044121
-8.5 0.442792 0.065708 0.216282 -0.447782 -0.040853
-8.4 0.431192 0.065293 0.215849 -0.44295 -0.037733
-8.3 0.419593 0.06487 0.215381 -0.438069 -0.034626
-8.2 0.407994 0.064447 0.214913 -0.433188 -0.031519
-8.1 0.397192 0.063934 0.214029 -0.427724 -0.028558
-8 0.386568 0.063411 0.213103 -0.422201 -0.025612
-7.9 0.375943 0.062889 0.212177 -0.416679 -0.022666
-7.8 0.365319 0.062278 0.210842 -0.410583 -0.019864
-7.7 0.354695 0.061656 0.209458 -0.404419 -0.017079
-7.6 0.34407 0.061035 0.208074 -0.398255 -0.014295
-7.5 0.334184 0.060326 0.206287 -0.391527 -0.011652
-7.4 0.324535 0.059605 0.204445 -0.384722 -0.009028
-7.3 0.314885 0.058884 0.202603 -0.377917 -0.006405
-7.2 0.305236 0.058078 0.200365 -0.370557 -0.003921
-7.1 0.295586 0.057257 0.198065 -0.36311 -0.001459
-7 0.285936 0.056437 0.195765 -0.355664 0.001003
-6.9 0.276966 0.055533 0.193075 -0.347672 0.003328
-6.8 0.268292 0.054614 0.190317 -0.339584 0.005629
-6.7 0.259617 0.053694 0.187559 -0.331496 0.00793
-6.6 0.250942 0.052692 0.184418 -0.322872 0.010096
-6.5 0.242267 0.051673 0.181202 -0.314143 0.012236
-6.4 0.233593 0.050655 0.177986 -0.305413 0.014375
-6.3 0.225536 0.049555 0.174394 -0.296158 0.016383
-6.2 0.217833 0.048437 0.17072 -0.286787 0.018361
-6.1 0.21013 0.047319 0.167045 -0.277415 0.020339
-6 0.202426 0.046151 0.163123 -0.267796 0.022165
-5.9 0.194723 0.044972 0.15914 -0.258115 0.023954
-5.8 0.18702 0.043792 0.155157 -0.248435 0.025743
-5.7 0.179858 0.042637 0.151229 -0.239172 0.027327
-5.6 0.173095 0.041489 0.147315 -0.23002 0.028856
-5.5 0.166333 0.040341 0.143402 -0.220868 0.030385
-5.4 0.15957 0.039221 0.139558 -0.212162 0.031709
-5.3 0.152807 0.038111 0.135736 -0.203587 0.032974
-5.2 0.146044 0.037 0.131913 -0.195012 0.034239
-5.1 0.139762 0.035917 0.128159 -0.186874 0.035304
-5 0.133933 0.034844 0.124428 -0.178875 0.036305
-4.9 0.128103 0.03377 0.120696 -0.170876 0.037306
-4.8 0.122274 0.032724 0.117031 -0.163306 0.038111
-4.7 0.116444 0.031688 0.11339 -0.155883 0.038848
-4.6 0.110614 0.030651 0.10975 -0.148461 0.039585
-4.5 0.105209 0.029642 0.106175 -0.141458 0.040129
-4.4 0.100312 0.028643 0.102625 -0.134612 0.040602
-4.3 0.095415 0.027644 0.099075 -0.127766 0.041075
-4.2 0.090519 0.026671 0.095589 -0.121331 0.04136
-4.1 0.085622 0.025709 0.09213 -0.115061 0.041569
-4 0.080726 0.024747 0.088671 -0.108792 0.041778
-3.9 0.076197 0.023811 0.085275 -0.102925 0.041803
-3.8 0.072233 0.022886 0.081907 -0.097232 0.041748
-3.7 0.068269 0.021962 0.078538 -0.091538 0.041693
-3.6 0.064306 0.021062 0.075232 -0.086239 0.041458
-3.5 0.060342 0.020175 0.071955 -0.081122 0.041139
-3.4 0.056379 0.019287 0.068677 -0.076006 0.04082
-3.3 0.052726 0.018425 0.06546 -0.071274 0.040325
-3.2 0.049697 0.017574 0.062274 -0.066734 0.039742
-3.1 0.046667 0.016724 0.059087 -0.062193 0.039159
-3 0.043637 0.015898 0.05596 -0.058029 0.038404
-2.9 0.040607 0.015085 0.052864 -0.054066 0.037557
-2.8 0.037578 0.014272 0.049768 -0.050102 0.03671
-2.7 0.034803 0.013483 0.04673 -0.046506 0.035695
-2.6 0.032706 0.012707 0.043726 -0.043118 0.034584
-2.5 0.030609 0.011931 0.040721 -0.039731 0.033474
-2.4 0.028512 0.011178 0.037772 -0.036702 0.032198
-2.3 0.026416 0.01044 0.034858 -0.033891 0.030824
-2.2 0.024319 0.009701 0.031944 -0.03108 0.029449
-2.1 0.022389 0.008989 0.029103 -0.028591 0.027941
-2 0.021078 0.008294 0.026309 -0.026311 0.026347
-1.9 0.019767 0.007599 0.023514 -0.02403 0.024754
-1.8 0.018457 0.006953 0.020902 -0.021885 0.023204
-1.7 0.017146 0.006342 0.018414 -0.019833 0.021684
-1.6 0.015835 0.005731 0.015926 -0.017781 0.020164
-1.5 0.014597 0.005173 0.013637 -0.015828 0.01872
-1.4 0.013771 0.004654 0.011493 -0.013946 0.017332
-1.3 0.012944 0.004135 0.009349 -0.012063 0.015944
-1.2 0.012117 0.003667 0.007398 -0.010277 0.01463
-1.1 0.01129 0.00324 0.005598 -0.008564 0.013374
-1 0.010463 0.002813 0.003797 -0.006851 0.012118
-0.9 0.00968 0.002436 0.002185 -0.005231 0.010934
-0.8 0.009327 0.002101 0.000729 -0.003688 0.00981
-0.7 0.008975 0.001766 -0.000728 -0.002145 0.008686
-0.6 0.008622 0.00148 -0.002001 -0.000692 0.007633
-0.5 0.00827 0.001236 -0.003114 0.000682 0.00664
-0.4 0.007918 0.000993 -0.004227 0.002056 0.005648
-0.3 0.00758 0.000798 -0.005161 0.003342 0.004725
-0.2 0.007702 0.000647 -0.00593 0.004547 0.003864
-0.1 0.007824 0.000496 -0.006699 0.005751 0.003004
0 0.007946 0.000391 -0.007296 0.00687 0.00221
0.1 0.008068 0.000332 -0.007721 0.007905 0.001482
0.2 0.00819 0.000272 -0.008146 0.00894 0.000754
0.3 0.008313 0.000258 -0.008404 0.009892 9e-05
0.4 0.008895 0.000291 -0.008485 0.010758 -0.000506
0.5 0.009491 0.000324 -0.008566 0.011623 -0.001102
0.6 0.010088 4e-04 -0.008486 0.012409 -0.001636
0.7 0.010685 0.000525 -0.008223 0.013105 -0.0021
0.8 0.011281 0.00065 -0.007961 0.013801 -0.002565
0.9 0.011878 0.000817 -0.007541 0.01442 -0.002968
1 0.012906 0.001034 -0.006935 0.014946 -0.003301
1.1 0.013977 0.001251 -0.006329 0.015473 -0.003633
1.2 0.015048 0.001509 -0.005571 0.015925 -0.003907
1.3 0.016119 0.001818 -0.004621 0.016282 -0.004107
1.4 0.01719 0.002127 -0.003671 0.016639 -0.004308
1.5 0.018262 0.002475 -0.002574 0.016924 -0.004451
1.6 0.019734 0.002876 -0.001281 0.017112 -0.00452
1.7 0.021278 0.003277 1.3e-05 0.017299 -0.004588
1.8 0.022823 0.003716 0.001445 0.017419 -0.004602
1.9 0.024367 0.004208 0.003076 0.017442 -0.004539
2 0.025911 0.0047 0.004706 0.017465 -0.004475
2.1 0.027455 0.005222 0.006393 0.017476 -0.004363
2.2 0.029339 0.005786 0.008163 0.017468 -0.004175
2.3 0.031314 0.006351 0.009934 0.01746 -0.003987
2.4 0.033289 0.006941 0.011721 0.017465 -0.003752
2.5 0.035263 0.007569 0.013535 0.017492 -0.003443
2.6 0.037238 0.008197 0.015349 0.017519 -0.003134
2.7 0.039213 0.008849 0.017179 0.017559 -0.00278
2.8 0.041486 0.00954 0.019036 0.01762 -0.00235
2.9 0.04387 0.010232 0.020893 0.017682 -0.00192
3 0.046255 0.010946 0.022765 0.017756 -0.001447
3.1 0.04864 0.011701 0.024665 0.017853 -0.000896
3.2 0.051024 0.012456 0.026565 0.01795 -0.000344
3.3 0.053409 0.013232 0.02848 0.018059 0.000248
3.4 0.056067 0.014051 0.030423 0.018191 0.000921
3.5 0.058862 0.014869 0.032366 0.018323 0.001593
3.6 0.061656 0.015708 0.034323 0.018466 0.002305
3.7 0.064451 0.016589 0.036309 0.018633 0.003098
3.8 0.067246 0.017471 0.038296 0.0188 0.003892
3.9 0.070041 0.018372 0.040295 0.018977 0.004723
4 0.073084 0.019317 0.042325 0.019179 0.005638
4.1 0.076288 0.020262 0.044354 0.019381 0.006553
4.2 0.079493 0.021225 0.046396 0.019593 0.007503
4.3 0.082697 0.022234 0.048468 0.01983 0.008539
4.4 0.085902 0.023242 0.050541 0.020067 0.009575
4.5 0.089106 0.024268 0.052625 0.020313 0.010644
4.6 0.092534 0.02534 0.054741 0.020585 0.011801
4.7 0.096149 0.026411 0.056856 0.020857 0.012959
4.8 0.099763 0.0275 0.058983 0.021138 0.014147
4.9 0.103377 0.028635 0.061142 0.021445 0.015426
5 0.106992 0.02977 0.0633 0.021751 0.016704
5.1 0.110606 0.03092 0.065469 0.022067 0.018012
5.2 0.114419 0.032119 0.067671 0.022409 0.019412
5.3 0.118443 0.033317 0.069873 0.022751 0.020811
5.4 0.122467 0.03453 0.072085 0.023101 0.022239
5.5 0.126491 0.035792 0.074329 0.023477 0.023759
5.6 0.130515 0.037054 0.076574 0.023854 0.02528
5.7 0.13454 0.038329 0.078828 0.024239 0.026827
5.8 0.138731 0.039654 0.081116 0.02465 0.028468
5.9 0.143149 0.040979 0.083404 0.025062 0.03011
6 0.147567 0.042307 0.085687 0.025482 0.031766
6.1 0.151984 0.043644 0.087952 0.025931 0.03348
6.2 0.156402 0.044981 0.090217 0.026381 0.035193
6.3 0.16082 0.046309 0.092461 0.026839 0.036908
6.4 0.165358 0.047593 0.094618 0.02733 0.03863
6.5 0.170105 0.048877 0.096774 0.027821 0.040352
6.6 0.174851 0.050151 0.098912 0.02832 0.042076
6.7 0.179598 0.051381 0.100959 0.028853 0.043806
6.8 0.184345 0.052612 0.103007 0.029386 0.045536
6.9 0.189092 0.053833 0.105037 0.029925 0.047267
7 0.193936 0.05501 0.106976 0.0305 0.049005
7.1 0.199005 0.056186 0.108915 0.031074 0.050743
7.2 0.204073 0.057355 0.110838 0.031655 0.052482
7.3 0.209142 0.058477 0.112668 0.032271 0.054228
7.4 0.21421 0.0596 0.114498 0.032887 0.055974
7.5 0.219279 0.060716 0.116315 0.033509 0.057721
7.6 0.224425 0.061785 0.118036 0.034166 0.059475
7.7 0.229815 0.062854 0.119757 0.034824 0.061229
7.8 0.235206 0.063916 0.121466 0.035487 0.062984
7.9 0.240596 0.064932 0.123078 0.036186 0.064747
8 0.245986 0.065947 0.124691 0.036886 0.066509
8.1 0.251376 0.066957 0.126293 0.037589 0.068272
8.2 0.256825 0.067918 0.127796 0.03833 0.070042
8.3 0.262537 0.068879 0.1293 0.039071 0.071812
8.4 0.268249 0.069836 0.130795 0.039816 0.073583
8.5 0.273961 0.070744 0.13219 0.040599 0.075361
8.6 0.279673 0.071651 0.133584 0.041381 0.07714
8.7 0.285385 0.072555 0.134972 0.042167 0.078918
8.8 0.291136 0.073409 0.136258 0.042991 0.080705
8.9 0.29717 0.074263 0.137544 0.043816 0.082491
9 0.303203 0.075114 0.138825 0.044642 0.084278
9.1 0.309237 0.075914 0.140002 0.045508 0.086072
9.2 0.315271 0.076714 0.141179 0.046374 0.087866
9.3 0.321304 0.077512 0.142352 0.047242 0.089661
9.4 0.327358 0.078258 0.143421 0.048149 0.091464
9.5 0.333713 0.079004 0.144489 0.049057 0.093266
9.6 0.340068 0.07975 0.145555 0.049965 0.095068
9.7 0.346424 0.080442 0.146515 0.050915 0.096879
9.8 0.352779 0.081134 0.147474 0.051864 0.098689
9.9 0.359135 0.081827 0.148434 0.052814 0.1005
10 0.36549 0.08248 0.1493 0.053807 0.102298
10.1 0.3719 0.083134 0.150166 0.054801 0.104096
10.2 0.37831 0.083788 0.151033 0.055794 0.105894
10.3 0.38472 0.08445 0.151856 0.05684 0.107616
10.4 0.39113 0.085112 0.152678 0.057886 0.109337
10.5 0.39754 0.085774 0.1535 0.058933 0.111059
10.6 0.40395 0.086448 0.154284 0.060031 0.1127
10.7 0.410159 0.087123 0.155066 0.061131 0.114339
10.8 0.416357 0.087797 0.155848 0.062231 0.115978
10.9 0.422554 0.088484 0.156592 0.063382 0.117538
11 0.428751 0.089171 0.157334 0.064535 0.119095
11.1 0.434948 0.089858 0.158077 0.065688 0.120652
11.2 0.441145 0.090556 0.158781 0.066892 0.122132
11.3 0.447155 0.091256 0.159484 0.068098 0.123607
11.4 0.453139 0.091955 0.160186 0.069305 0.125081
11.5 0.459123 0.092666 0.160851 0.070561 0.12648
11.6 0.465107 0.093377 0.161514 0.071821 0.127872
11.7 0.471091 0.094089 0.162176 0.073081 0.129265
11.8 0.477076 0.094812 0.162802 0.07439 0.130583
11.9 0.482886 0.095536 0.163424 0.075704 0.131893
12 0.488657 0.09626 0.164047 0.077017 0.133204
12.1 0.494428 0.096996 0.164633 0.078379 0.13444
12.2 0.5002 0.097732 0.165216 0.079746 0.135669
12.3 0.505971 0.098469 0.165798 0.081112 0.136897
12.4 0.511742 0.099216 0.166345 0.082527 0.138053
12.5 0.517352 0.099965 0.166888 0.083947 0.139199
12.6 0.522911 0.100714 0.16743 0.085367 0.140345
12.7 0.528469 0.101473 0.167938 0.086834 0.14142
12.8 0.534028 0.102235 0.16844 0.088308 0.142484
12.9 0.539586 0.102996 0.168943 0.089782 0.143548
13 0.545145 0.103768 0.169411 0.091301 0.144541
13.1 0.550555 0.104542 0.169873 0.092828 0.145523
13.2 0.555901 0.105315 0.170336 0.094356 0.146505
13.3 0.561246 0.106099 0.170765 0.095928 0.147418
13.4 0.566592 0.106885 0.171187 0.097508 0.148318
13.5 0.571937 0.107671 0.17161 0.099089 0.149217
13.6 0.577283 0.108468 0.171999 0.100714 0.150049
13.7 0.5825 0.109266 0.172382 0.102348 0.150867
13.8 0.587643 0.110065 0.172764 0.103982 0.151684
13.9 0.592786 0.110871 0.173117 0.105646 0.152418
14 0.597929 0.111679 0.173463 0.107316 0.153132
14.1 0.603072 0.112487 0.173808 0.108987 0.153846
14.2 0.608215 0.113284 0.174145 0.110572 0.154333
14.3 0.613295 0.114078 0.174479 0.112136 0.154762
14.4 0.618328 0.114872 0.174814 0.113699 0.15519
14.5 0.623362 0.11565 0.175145 0.11515 0.155359
14.6 0.628396 0.116423 0.175475 0.116569 0.155454
14.7 0.633429 0.117197 0.175805 0.117988 0.15555
14.8 0.638463 0.117955 0.176131 0.119297 0.155392
14.9 0.643452 0.118709 0.176456 0.120572 0.155155
15 0.648399 0.119462 0.176782 0.121847 0.154919
15.1 0.653346 0.120201 0.177104 0.123014 0.154433
15.2 0.658293 0.120934 0.177424 0.124145 0.153864
15.3 0.66324 0.121667 0.177745 0.125275 0.153295
15.4 0.668187 0.122385 0.178063 0.1263 0.152483
15.5 0.673094 0.123098 0.178379 0.127287 0.151581
15.6 0.677955 0.123812 0.178695 0.128274 0.15068
15.7 0.682815 0.12451 0.179008 0.129157 0.14954
15.8 0.687675 0.125203 0.17932 0.129999 0.148306
15.9 0.692536 0.125896 0.179632 0.130842 0.147073
16 0.697396 0.126574 0.17994 0.131583 0.145605
16.1 0.702222 0.127247 0.180247 0.132282 0.144039
16.2 0.706996 0.127919 0.180555 0.13298 0.142474
16.3 0.71177 0.128578 0.180859 0.133579 0.140679
16.4 0.716544 0.12923 0.181161 0.134134 0.13878
16.5 0.721318 0.129883 0.181464 0.134688 0.136882
16.6 0.726092 0.130522 0.181763 0.135145 0.13476
16.7 0.730837 0.131154 0.182061 0.135556 0.13253
16.8 0.735524 0.131786 0.18236 0.135966 0.130299
16.9 0.740211 0.132405 0.182655 0.136281 0.12785
17 0.744898 0.133017 0.182948 0.136547 0.125287
17.1 0.749585 0.133629 0.183242 0.136813 0.122724
17.2 0.754273 0.134227 0.183532 0.136987 0.119947
17.3 0.758936 0.134819 0.183821 0.137109 0.117052
17.4 0.763537 0.135411 0.18411 0.137231 0.114156
17.5 0.768137 0.13599 0.184396 0.137262 0.111052
17.6 0.772738 0.136561 0.184681 0.13724 0.107825
17.7 0.777339 0.137133 0.184965 0.137218 0.104597
17.8 0.781939 0.137692 0.185245 0.137108 0.101168
17.9 0.786535 0.138243 0.185523 0.136942 0.097611
18 0.791114 0.138795 0.185801 0.136776 0.094054
18.1 0.795692 0.139338 0.185999 0.136536 0.090407
18.2 0.800271 0.139875 0.186144 0.136246 0.086699
18.3 0.80485 0.140412 0.186289 0.135956 0.082992
18.4 0.809428 0.140943 0.186312 0.135601 0.07926
18.5 0.814024 0.141469 0.186247 0.135199 0.075511
18.6 0.818713 0.141995 0.186181 0.134798 0.071763
18.7 0.823402 0.142516 0.185997 0.134332 0.067991
18.8 0.828091 0.143032 0.185722 0.133819 0.064201
18.9 0.83278 0.143547 0.185446 0.133306 0.060412
19 0.837469 0.144057 0.185055 0.13273 0.0566
19.1 0.842169 0.144562 0.184569 0.132105 0.052769
19.2 0.846973 0.145067 0.184083 0.13148 0.048939
19.3 0.851777 0.145566 0.183485 0.130795 0.045086
19.4 0.856581 0.146061 0.182789 0.130058 0.041215
19.5 0.861384 0.146555 0.182093 0.129321 0.037344
19.6 0.866188 0.147044 0.181287 0.128526 0.033451
19.7 0.870996 0.147527 0.180381 0.127677 0.029539
19.8 0.875914 0.148011 0.179475 0.126828 0.025627
19.9 0.880833 0.148489 0.178462 0.125923 0.021694
20 0.885751 0.148962 0.177346 0.124962 0.017741
20.1 0.89067 0.149435 0.17623 0.124002 0.013788
20.2 0.895588 0.149903 0.17501 0.122986 0.009815
20.3 0.900507 0.150365 0.173683 0.121914 0.005821
20.4 0.905537 0.150827 0.172356 0.120842 0.001827
20.5 0.91057 0.151285 0.170929 0.119716 -0.002187
20.6 0.915603 0.151736 0.169392 0.118532 -0.006222
20.7 0.920636 0.152188 0.167855 0.117348 -0.010257
20.8 0.92567 0.152634 0.166221 0.116113 -0.01431
20.9 0.930703 0.153075 0.164474 0.114817 -0.018386
21 0.93584 0.153516 0.162726 0.113521 -0.022462
21.1 0.940988 0.153952 0.160885 0.112175 -0.026556
21.2 0.946136 0.154382 0.158928 0.110768 -0.030672
21.3 0.951284 0.154813 0.15697 0.10936 -0.034789
21.4 0.956432 0.155238 0.154922 0.107904 -0.038923
21.5 0.96158 0.155658 0.152754 0.106385 -0.043081
21.6 0.966825 0.156077 0.150586 0.104866 -0.047238
21.7 0.972087 0.156492 0.148331 0.1033 -0.051413
21.8 0.977349 0.156901 0.145953 0.101669 -0.055611
21.9 0.98261 0.15731 0.143575 0.100038 -0.05981
22 0.987872 0.157714 0.141144 0.098389 -0.064006
22.1 0.993134 0.15811 0.138632 0.096716 -0.068198
22.2 0.998468 0.158507 0.13612 0.095042 -0.07239
22.3 1.003821 0.158897 0.133604 0.093395 -0.076551
22.4 1.009174 0.159278 0.131083 0.09179 -0.080662
22.5 1.014527 0.15966 0.128561 0.090185 -0.084773
22.6 1.019881 0.160035 0.126036 0.088607 -0.088853
22.7 1.025234 0.160401 0.123506 0.087073 -0.092881
22.8 1.030645 0.160767 0.120976 0.085539 -0.096908
22.9 1.036078 0.161128 0.118444 0.08403 -0.100907
23 1.041511 0.161479 0.115906 0.082567 -0.104851
23.1 1.046945 0.16183 0.113368 0.081104 -0.108796
23.2 1.052378 0.162175 0.110828 0.079665 -0.112713
23.3 1.057811 0.162511 0.108282 0.078273 -0.116574
23.4 1.063298 0.162846 0.105736 0.076881 -0.120436
23.5 1.068811 0.163177 0.103188 0.075512 -0.124271
23.6 1.074325 0.163497 0.100635 0.074191 -0.12805
23.7 1.079838 0.163818 0.098081 0.072869 -0.131828
23.8 1.085352 0.164133 0.095525 0.07157 -0.135581
23.9 1.090865 0.164438 0.092964 0.07032 -0.139277
24 1.096427 0.164744 0.090402 0.06907 -0.142973
24.1 1.10202 0.165044 0.087838 0.06784 -0.146644
24.2 1.107614 0.165334 0.085269 0.066661 -0.150257
24.3 1.113208 0.165624 0.082699 0.065481 -0.153869
24.4 1.118801 0.16591 0.080128 0.064322 -0.157459
24.5 1.124395 0.166184 0.07755 0.063213 -0.160989
24.6 1.130032 0.166459 0.074973 0.062105 -0.164518
24.7 1.135705 0.16673 0.072393 0.061015 -0.168026
24.8 1.141379 0.166989 0.069808 0.059978 -0.171473
24.9 1.147053 0.167249 0.067223 0.05894 -0.174919
25 1.152726 0.167505 0.064636 0.05792 -0.178345
25.1 1.1584 0.167749 0.062042 0.056954 -0.181709
25.2 1.164113 0.167993 0.059449 0.055987 -0.185073
25.3 1.169866 0.168234 0.056854 0.055037 -0.188417
25.4 1.17562 0.168463 0.054253 0.054141 -0.191698
25.5 1.181374 0.168692 0.051652 0.053245 -0.194978
25.6 1.187128 0.168918 0.049049 0.052365 -0.198241
25.7 1.192881 0.169131 0.04644 0.05154 -0.201439
25.8 1.198667 0.169345 0.043831 0.050716 -0.204636
25.9 1.204497 0.169555 0.041224 0.049902 -0.207808
26 1.210326 0.169751 0.038625 0.049132 -0.21088
26.1 1.216156 0.169947 0.036027 0.048362 -0.213951
26.2 1.221985 0.170137 0.033444 0.04759 -0.216966
26.3 1.227814 0.170304 0.030928 0.046811 -0.219741
26.4 1.233665 0.17047 0.028412 0.046033 -0.222516
26.5 1.239552 0.170632 0.025913 0.045251 -0.225235
26.6 1.245439 0.170768 0.023488 0.044456 -0.227694
26.7 1.251327 0.170904 0.021064 0.043661 -0.230152
26.8 1.257214 0.171035 0.018654 0.042863 -0.23256
26.9 1.263101 0.17114 0.016321 0.042052 -0.234702
27 1.269005 0.171246 0.013988 0.041241 -0.236844
27.1 1.274948 0.171347 0.011668 0.040428 -0.23894
27.2 1.280891 0.171422 0.009426 0.0396 -0.240765
27.3 1.286834 0.171497 0.007184 0.038773 -0.242591
27.4 1.292777 0.171568 0.004954 0.037944 -0.244375
27.5 1.29872 0.171613 0.002804 0.0371 -0.245884
27.6 1.304677 0.171657 0.000653 0.036257 -0.247393
27.7 1.310675 0.171698 -0.001487 0.035412 -0.248866
27.8 1.316674 0.171712 -0.003546 0.034552 -0.250059
27.9 1.322673 0.171726 -0.005605 0.033693 -0.251251
28 1.328672 0.171737 -0.007656 0.032832 -0.252412
28.1 1.33467 0.171721 -0.009624 0.031956 -0.253288
28.2 1.340679 0.171704 -0.011591 0.03108 -0.254165
28.3 1.346734 0.171685 -0.013552 0.030203 -0.255014
28.4 1.352788 0.171638 -0.015428 0.029311 -0.255574
28.5 1.358843 0.171591 -0.017305 0.028419 -0.256134
28.6 1.364898 0.171542 -0.019175 0.027526 -0.256671
28.7 1.370952 0.171464 -0.020961 0.026619 -0.256914
28.8 1.377013 0.171387 -0.022746 0.025711 -0.257158
28.9 1.383124 0.171308 -0.024526 0.024802 -0.257384
29 1.389234 0.1712 -0.02622 0.023878 -0.257311
29.1 1.395344 0.171091 -0.027914 0.022953 -0.257237
29.2 1.401455 0.170982 -0.029605 0.022029 -0.257152
29.3 1.407565 0.170844 -0.031207 0.021088 -0.256762
29.4 1.413679 0.170705 -0.03281 0.020148 -0.256373
29.5 1.419845 0.170566 -0.034411 0.019207 -0.255975
29.6 1.426011 0.170397 -0.035922 0.018251 -0.255269
29.7 1.432177 0.170228 -0.037434 0.017295 -0.254563
29.8 1.438343 0.170058 -0.038944 0.016338 -0.253854
29.9 1.444509 0.169861 -0.040369 0.01537 -0.252834
30 1.450675 0.169664 -0.041793 0.014402 -0.251815
30.1 1.456756 0.169467 -0.043218 0.013434 -0.250795
30.2 1.462836 0.16927 -0.044608 0.012506 -0.249495
30.3 1.468916 0.169074 -0.045998 0.011579 -0.248193
30.4 1.474996 0.168877 -0.047389 0.010651 -0.246892
30.5 1.481076 0.16869 -0.048761 0.00978 -0.245324
30.6 1.487156 0.168504 -0.050134 0.00891 -0.243751
30.7 1.493023 0.168317 -0.051507 0.008039 -0.242178
30.8 1.498875 0.16814 -0.052862 0.007225 -0.240343
30.9 1.504728 0.167963 -0.054217 0.006412 -0.238499
31 1.51058 0.167786 -0.055572 0.005599 -0.236654
31.1 1.516433 0.167618 -0.05691 0.00484 -0.234552
31.2 1.522285 0.167451 -0.058247 0.004085 -0.232435
31.3 1.527938 0.167284 -0.059584 0.003329 -0.230319
31.4 1.533563 0.167126 -0.060905 0.002627 -0.227949
31.5 1.539188 0.166968 -0.062225 0.001929 -0.225562
31.6 1.544813 0.166811 -0.063544 0.001231 -0.223174
31.7 1.550438 0.166663 -0.064847 0.000586 -0.220536
31.8 1.556063 0.166515 -0.066149 -5.5e-05 -0.217877
31.9 1.561502 0.166368 -0.067451 -0.000696 -0.215218
32 1.566899 0.166229 -0.068737 -0.001285 -0.212313
32.1 1.572296 0.166091 -0.070021 -0.001869 -0.209382
32.2 1.577694 0.165953 -0.071305 -0.002452 -0.206451
32.3 1.583091 0.165824 -0.072574 -0.002985 -0.203279
32.4 1.588488 0.165696 -0.073841 -0.003511 -0.200077
32.5 1.593713 0.165568 -0.075107 -0.004037 -0.196874
32.6 1.598883 0.165449 -0.076358 -0.004513 -0.193435
32.7 1.604053 0.165331 -0.077607 -0.004982 -0.189961
32.8 1.609223 0.165212 -0.078856 -0.005451 -0.186487
32.9 1.614393 0.165103 -0.08009 -0.005871 -0.18278
33 1.619562 0.164994 -0.081321 -0.006283 -0.179034
33.1 1.624574 0.164886 -0.082552 -0.006694 -0.175289
33.2 1.629516 0.164786 -0.083768 -0.007057 -0.171314
33.3 1.634458 0.164687 -0.084982 -0.007412 -0.167297
33.4 1.6394 0.164589 -0.086195 -0.007766 -0.16328
33.5 1.644343 0.164498 -0.087394 -0.008073 -0.159038
33.6 1.649285 0.164409 -0.08859 -0.00837 -0.154749
33.7 1.654086 0.16432 -0.089786 -0.008666 -0.15046
33.8 1.658806 0.16424 -0.090968 -0.008917 -0.145952
33.9 1.663525 0.164161 -0.092146 -0.009157 -0.141393
34 1.668245 0.164082 -0.093324 -0.009397 -0.136834
34.1 1.672965 0.16401 -0.094471 -0.009646 -0.132227
34.2 1.677685 0.163941 -0.095611 -0.009898 -0.127609
34.3 1.682305 0.163871 -0.096751 -0.01015 -0.122991
34.4 1.686851 0.163809 -0.097849 -0.010453 -0.118455
34.5 1.691397 0.163749 -0.098935 -0.01077 -0.113942
34.6 1.695943 0.163689 -0.100021 -0.011086 -0.109429
34.7 1.700489 0.163636 -0.101066 -0.011453 -0.104996
34.8 1.705035 0.163586 -0.102098 -0.011835 -0.100588
34.9 1.709498 0.163535 -0.10313 -0.012217 -0.09618
35 1.713882 0.163492 -0.104122 -0.012649 -0.091852
35.1 1.718266 0.163451 -0.1051 -0.013096 -0.087549
35.2 1.72265 0.16341 -0.106078 -0.013543 -0.083246
35.3 1.727034 0.163375 -0.107016 -0.014038 -0.079021
35.4 1.731418 0.163344 -0.10794 -0.014551 -0.074823
35.5 1.735728 0.163312 -0.108864 -0.015063 -0.070626
35.6 1.73995 0.163287 -0.10975 -0.015623 -0.066504
35.7 1.744172 0.163265 -0.11062 -0.0162 -0.062412
35.8 1.748394 0.163243 -0.11149 -0.016778 -0.05832
35.9 1.752616 0.163227 -0.112322 -0.017402 -0.054302
36 1.756838 0.163214 -0.113138 -0.018045 -0.050314
36.1 1.760997 0.163201 -0.113955 -0.018687 -0.046327
36.2 1.765057 0.163195 -0.114734 -0.019375 -0.042413
36.3 1.769116 0.163192 -0.115496 -0.020083 -0.038531
36.4 1.773176 0.163188 -0.116258 -0.020791 -0.034649
36.5 1.777236 0.163191 -0.116984 -0.021543 -0.030838
36.6 1.781296 0.163197 -0.117692 -0.022316 -0.027061
36.7 1.785302 0.163203 -0.118401 -0.023089 -0.023284
36.8 1.7892 0.163216 -0.119073 -0.023906 -0.019577
36.9 1.793098 0.163231 -0.119728 -0.024744 -0.015905
37 1.796996 0.163247 -0.120382 -0.025582 -0.012233
37.1 1.800893 0.163268 -0.121002 -0.026463 -0.00863
37.2 1.804791 0.163293 -0.121602 -0.027366 -0.005063
37.3 1.808645 0.163318 -0.122203 -0.02827 -0.001497
37.4 1.81238 0.163349 -0.122769 -0.029215 0.002003
37.5 1.816116 0.163383 -0.123315 -0.030183 0.005465
37.6 1.819852 0.163418 -0.123862 -0.031152 0.008926
37.7 1.823588 0.163458 -0.124375 -0.032161 0.012323
37.8 1.827323 0.163502 -0.124868 -0.033194 0.015679
37.9 1.831029 0.163545 -0.12536 -0.034228 0.019035
38 1.83462 0.163593 -0.125831 -0.035274 0.022327
38.1 1.838211 0.163642 -0.126287 -0.036328 0.025577
38.2 1.841803 0.163692 -0.126743 -0.037382 0.028826
38.3 1.845394 0.163741 -0.127198 -0.038394 0.032011
38.4 1.848986 0.163789 -0.127653 -0.039376 0.035151
38.5 1.852561 0.163837 -0.128107 -0.040359 0.03829
38.6 1.856044 0.163884 -0.128562 -0.041299 0.041367
38.7 1.859528 0.163931 -0.129016 -0.042207 0.044397
38.8 1.863012 0.163977 -0.12947 -0.043115 0.047426
38.9 1.866495 0.164023 -0.129924 -0.043982 0.050395
39 1.869979 0.164067 -0.130378 -0.044816 0.053314
39.1 1.873452 0.164112 -0.130832 -0.045649 0.056234
39.2 1.876829 0.164156 -0.131286 -0.046443 0.059094
39.3 1.880206 0.164199 -0.13174 -0.047202 0.061904
39.4 1.883583 0.164242 -0.132194 -0.047961 0.064714
39.5 1.88696 0.164285 -0.132647 -0.048681 0.067465
39.6 1.890336 0.164326 -0.133101 -0.049366 0.070165
39.7 1.89371 0.164368 -0.133555 -0.050051 0.072865
39.8 1.89698 0.164408 -0.134008 -0.050697 0.075508
39.9 1.90025 0.164448 -0.134461 -0.051308 0.078098
40 1.90352 0.164488 -0.134915 -0.051918 0.080688
40.1 1.90679 0.164527 -0.135368 -0.052491 0.083223
40.2 1.91006 0.164565 -0.135821 -0.053027 0.085703
40.3 1.91333 0.164603 -0.136274 -0.053563 0.088182
40.4 1.916497 0.16464 -0.136727 -0.054063 0.090609
40.5 1.91966 0.164676 -0.13718 -0.054525 0.092979
40.6 1.922823 0.164713 -0.137632 -0.054986 0.095349
40.7 1.925987 0.164748 -0.138085 -0.055413 0.097667
40.8 1.92915 0.164783 -0.138538 -0.0558 0.099927
40.9 1.932313 0.164818 -0.13899 -0.056187 0.102187
41 1.935379 0.164852 -0.139443 -0.05654 0.104397
41.1 1.938436 0.164885 -0.139895 -0.056853 0.106547
41.2 1.941492 0.164918 -0.140347 -0.057166 0.108696
41.3 1.944549 0.16495 -0.1408 -0.057446 0.110798
41.4 1.947605 0.164981 -0.141252 -0.057684 0.112838
41.5 1.950662 0.165013 -0.141704 -0.057922 0.114878
41.6 1.95363 0.165043 -0.142156 -0.058129 0.116871
41.7 1.956582 0.165073 -0.142608 -0.058292 0.118801
41.8 1.959534 0.165103 -0.143059 -0.058456 0.120731
41.9 1.962486 0.165132 -0.143509 -0.058595 0.12262
42 1.965438 0.16516 -0.143956 -0.058697 0.124449
42.1 1.968391 0.165188 -0.144402 -0.058799 0.126279
42.2 1.97132 0.165216 -0.144837 -0.058902 0.128087
42.3 1.974243 0.165244 -0.145254 -0.059007 0.129862
42.4 1.977166 0.165272 -0.14567 -0.059111 0.131638
42.5 1.980089 0.1653 -0.146074 -0.059221 0.133396
42.6 1.983012 0.165327 -0.146456 -0.059339 0.135125
42.7 1.985935 0.165355 -0.146839 -0.059456 0.136854
42.8 1.988864 0.165383 -0.147209 -0.059578 0.138566
42.9 1.991794 0.16541 -0.147557 -0.059708 0.140248
43 1.994725 0.165437 -0.147906 -0.059839 0.141931
43.1 1.997656 0.165465 -0.148242 -0.059973 0.143597
43.2 2.000586 0.165492 -0.148557 -0.060116 0.145233
43.3 2.003517 0.165519 -0.148871 -0.060259 0.146869
43.4 2.006453 0.165547 -0.149175 -0.060406 0.148489
43.5 2.009391 0.165574 -0.149455 -0.060562 0.150078
43.6 2.01233 0.165601 -0.149736 -0.060717 0.151668
43.7 2.015268 0.165628 -0.150005 -0.060877 0.153242
43.8 2.018206 0.165655 -0.150252 -0.061045 0.154785
43.9 2.021144 0.165681 -0.150498 -0.061213 0.156328
44 2.024087 0.165708 -0.150734 -0.061386 0.157857
44.1 2.027033 0.165735 -0.150947 -0.061567 0.159353
44.2 2.029979 0.165762 -0.151159 -0.061748 0.160849
44.3 2.032925 0.165788 -0.151362 -0.061932 0.162332
44.4 2.035871 0.165815 -0.151541 -0.062126 0.163782
44.5 2.038817 0.165841 -0.151719 -0.062319 0.165231
44.6 2.041767 0.165868 -0.151888 -0.062516 0.166668
44.7 2.044721 0.165894 -0.152033 -0.062723 0.168072
44.8 2.047674 0.16592 -0.152177 -0.062929 0.169475
44.9 2.050628 0.165947 -0.152313 -0.063139 0.170866
45 2.053582 0.165973 -0.152424 -0.063358 0.172223
45.1 2.056535 0.165999 -0.152534 -0.063577 0.173579
45.2 2.059493 0.166025 -0.152636 -0.063799 0.174925
45.3 2.062454 0.166051 -0.152713 -0.064031 0.176235
45.4 2.065415 0.166077 -0.152789 -0.064262 0.177545
45.5 2.068376 0.166103 -0.152858 -0.064497 0.178845
45.6 2.071337 0.166128 -0.152901 -0.064741 0.180108
45.7 2.074299 0.166154 -0.152943 -0.064986 0.181372
45.8 2.077258 0.16618 -0.152979 -0.065232 0.182625
45.9 2.080215 0.166206 -0.152989 -0.065486 0.183839
46 2.083171 0.166231 -0.153 -0.06574 0.185053
46.1 2.086128 0.166257 -0.15301 -0.065986 0.186247
46.2 2.089084 0.166283 -0.153021 -0.066198 0.18736
46.3 2.092041 0.166308 -0.153032 -0.066409 0.188473
46.4 2.094978 0.166334 -0.153045 -0.06661 0.189564
46.5 2.09788 0.166361 -0.15307 -0.066758 0.190555
46.6 2.100783 0.166387 -0.153094 -0.066906 0.191547
46.7 2.103685 0.166414 -0.153121 -0.067044 0.192518
46.8 2.106587 0.16644 -0.153159 -0.067129 0.193388
46.9 2.10949 0.166467 -0.153197 -0.067215 0.194258
47 2.112374 0.166494 -0.153237 -0.06729 0.195109
47.1 2.115217 0.166522 -0.153288 -0.067312 0.195857
47.2 2.118059 0.166549 -0.153339 -0.067334 0.196605
47.3 2.120902 0.166576 -0.153393 -0.067348 0.197337
47.4 2.123745 0.166604 -0.153457 -0.067306 0.197964
47.5 2.126587 0.166632 -0.153522 -0.067265 0.19859
47.6 2.129415 0.16666 -0.153589 -0.067216 0.199202
47.7 2.132198 0.166688 -0.153667 -0.067112 0.199707
47.8 2.134981 0.166716 -0.153746 -0.067007 0.200213
47.9 2.137764 0.166745 -0.153825 -0.066896 0.200705
48 2.140547 0.166773 -0.153917 -0.066729 0.201088
48.1 2.14333 0.166802 -0.154009 -0.066561 0.201472
48.2 2.146102 0.166831 -0.154102 -0.066388 0.201844
48.3 2.148825 0.16686 -0.154208 -0.066157 0.202106
48.4 2.151548 0.166889 -0.154313 -0.065926 0.202368
48.5 2.154271 0.166919 -0.154419 -0.06569 0.202621
48.6 2.156994 0.166949 -0.154538 -0.065396 0.202761
48.7 2.159717 0.166978 -0.154657 -0.065102 0.202901
48.8 2.162433 0.167008 -0.154777 -0.064804 0.203034
48.9 2.165097 0.167038 -0.154909 -0.064447 0.203053
49 2.16776 0.167068 -0.155041 -0.064089 0.203072
49.1 2.170423 0.167099 -0.155174 -0.063729 0.203085
49.2 2.173087 0.167129 -0.15532 -0.063309 0.202982
49.3 2.17575 0.16716 -0.155466 -0.062888 0.202879
49.4 2.17841 0.167191 -0.155612 -0.062466 0.202773
49.5 2.181013 0.167222 -0.155772 -0.061982 0.202548
49.6 2.183617 0.167253 -0.155931 -0.061498 0.202324
49.7 2.186221 0.167284 -0.156091 -0.061014 0.202098
49.8 2.188824 0.167316 -0.156263 -0.060467 0.201752
49.9 2.191428 0.167348 -0.156436 -0.05992 0.201406
50 2.194032 0.167379 -0.156609 -0.059373 0.20106
